test/util/behavioral/event_matchers_test.go
  h_47cee5fa694435 1-111
test/e2e/singlecluster/tasapi/extended/appwrapper_test.go
  h_47cee5fa694435 33,46,49,55,65,68,71-75,90,97,103,111,121,134,142,148,152,163
test/e2e/sequential/extended/managejobswithoutqueuename_test.go
  h_47cee5fa694435 49,61,67,69,75,77,80-83,96,103,111,121,129,137,151-152,165,173,183,191,199,215-216,233,242,250,257,266,278-279,292,301,312,319,326,338,352,360,367,376,384,394,402,408,416,426-427,436,449,452,458-459,466,473,483-484,492,506,510,516-517,523,530,541,547,556,570,581,589,593,600,613,628,631,638,641,644,657-660,672-673,680-681,686,698,709,717,731,740,742,748,750,754-757,774-775,788,796,805,812
test/integration/singlecluster/controller/jobs/jobset/suite_test.go
  h_47cee5fa694435 43,54,59,96
test/integration/singlecluster/scheduler/quotacheckstrategy/quota_check_strategy_test.go
  h_47cee5fa694435 36,63,66,74-75,78-79,83-85,95,103,126,133,141,150,171,174,182-183,186-187,191-193,202,204
test/integration/singlecluster/webhook/jobs/tfjob_webhook_test.go
  h_47cee5fa694435 29,36,40
test/integration/singlecluster/scheduler/observability_test.go
  h_47cee5fa694435 34,49,52,60,65,69,73-74,84,88,94-95,103,124,134,138,145,166,178,182,190,197,204-205,213,223,249,271,287,291,299,306-307,315,325,339,353
test/integration/singlecluster/controller/core/workload_controller_test.go
  h_47cee5fa694435 46,64,76,81-82,101,106-107,127,130,135-136,158,163,165,169-171,180,185,196,203,211,218,228,234,236,239-241,256,259,262-263,266-267,270-271,288,290,293-299,307,314,324,329,331,350,358,370,377,387,402,404,412-413,422-424,432,439,447,456,464,467,477-478,488,495,505,518,523,525,534-535,537,547,549,557-558,568-570,582,589,599,612,617,619,624,634,636,647,658,660,668-669,687,694,704,717,722,724,729,739,741,749,759,761,772,780,785,793,796,805,809,821,825,840,842,849,862,864,877,879,886,896-897,899-900,907,915,920,927,955-956,958,960,967,992,998,1024,1029,1061,1066,1087,1132-1134,1141,1188,1190,1195,1197,1199,1203-1206,1218,1223,1235,1249,1259,1266,1270,1288,1294-1295,1299,1311,1319,1329,1336,1340,1346-1347,1351,1368,1383,1396-1398,1412-1413,1418,1444-1445,1458,1466,1475,1482,1491,1499,1508,1514,1522,1537,1540,1549,1552-1553,1555,1566,1569,1586,1589,1625,1632,1645-1647,1665-1666,1680,1684,1687-1688,1709,1730,1743-1745,1763-1764,1767-1768,1781,1787,1790-1791,1803,1810,1814-1815,1819,1823-1824,1843-1845,1860,1864-1865,1893,1897-1898,1914-1915,1922-1923,1935-1936,1938-1939,1945,1950-1951,1955,1969,1973,1997,2013-2015,2027,2052,2056
test/integration/singlecluster/webhook/core/capacityprovider_test.go
  h_47cee5fa694435 31,50,52,83,107,109,139,141
test/e2e/sequential/baseline/suite_test.go
  h_47cee5fa694435 31,40,45,49,52,54,58,63,67-68
test/integration/singlecluster/scheduler/podsready/scheduler_test.go
  h_47cee5fa694435 41,50,87,89,95,101,104,107,109,113-116,132,142-143,150,157,163,170,173-175,178,184,190,192-194,205-206,212,214-216,227-228,234,237,248-249,256-257,260,266-267,270-271,275,281,283-285,294,296,300-301,307,316,320,323-324,332,335,342,344-346,349,356,359-363,366-367,373-379,384-386,392,395-396,398-399,406,409-415,423,430-431,433,436-437,462,468,474,499,502,505,507,517,533-538,543-544,548,553-554,559-560,565-566,572,575,578,592,602,605,609-610,620-624,628,633,636,639,644,647,687,689,695,701,704,707,709,713-716,727,733,735-736,745,747,751-752,758,764,766-768,772,775-780,795,805,808,812-813,823-827,831,836,839,842,847,850,857,862-863,870,873,877
test/integration/singlecluster/controller/jobs/xgboostjob/suite_test.go
  h_47cee5fa694435 43,54,59,99
test/e2e/dra/whole-device/suite_test.go
  h_47cee5fa694435 29,30,39,43,46,51,53
test/integration/singlecluster/controller/jobs/jaxjob/jaxjob_controller_test.go
  h_47cee5fa694435 49,61,63,74,77,112,115,123,132,139,153-154,159,161,163,169-172,186,193,200,235,237,252-253,260,284,288-289,296,329,333,338,341,490,493,496,503,506-509,515,554,561,568,575,582,586,592-593,600,629,644,647,652,657-658,661,665-668,670,689,708,712-713,733
test/integration/singlecluster/webhook/core/elastic_partial_scaleup_test.go
  h_47cee5fa694435 28,49,53
test/integration/singlecluster/controller/jobs/raycluster/suite_test.go
  h_47cee5fa694435 48,59,64,119
test/integration/singlecluster/controller/jobs/pod/pod_controller_test.go
  h_47cee5fa694435 63,115-116,119-120,133,136,144,147,153-155,167,172,192,194,216-217,223,225,236,239,243,245,250,255,265,278-279,284,290,300,313,326-327,332,342,349,356,368,375,378,384,390,398-399,407,414,431-432,434,449,451,456,482,484,496,498,509,511,525,527,539,541,555,557,569,571,578,582,587,621,623-624,629,631,633,639-642,656,665,672,696,698,708-709,716,742,752,762-763,772,776,780,788,792-793,818-819,829,854-855,857-858,874,879,881,894,904,921-922,924,926,938-939,943-944,949,951,970-971,981,995-996,998-999,1012-1013,1021-1022,1024,1029,1034,1038-1039,1049,1055,1057,1068,1076,1082-1083,1085,1094,1104,1110,1112-1113,1125,1135,1148-1149,1152,1158,1163,1175,1177,1188,1200,1202,1206-1208,1220,1222,1231,1243,1245,1248-1250,1256,1275-1276,1286,1311-1312,1314-1315,1328,1333,1338,1349,1353,1357,1361,1366,1368,1394-1395,1405,1414-1415,1417,1437-1438,1440-1441,1455,1457,1473,1484,1496-1497,1500,1505,1515,1534-1535,1545,1570,1589-1590,1600,1610-1611,1614,1616,1623,1637,1652,1660,1664,1670,1689-1690,1700,1711-1712,1715,1717,1724,1738,1746,1750,1759,1765,1787-1788,1800,1812,1824,1839,1850,1861-1862,1868-1869,1871,1881,1885-1886,1898,1904,1910,1916,1918,1929,1941,1943,1964-1965,1975,1987-1988,2007,2014,2022,2028,2038,2045,2075,2089,2109-2110,2119,2123,2127,2134,2138,2142-2143,2151,2155-2156,2174,2184-2185,2197,2207,2215,2226,2230,2248,2255,2266,2274-2275,2291-2292,2304-2305,2328-2329,2337,2353-2354,2362,2367,2384-2385,2393,2409-2410,2418,2423,2461,2465,2479-2480,2488,2492,2496,2503,2507,2511-2512,2519,2523-2524,2590,2596,2599-2600,2605,2608,2617,2623,2629,2635,2637-2638,2644,2677-2680,2693,2702,2708,2714,2720,2723-2724,2726,2730,2736,2750,2760,2767,2774,2781,2785,2791-2792,2798,2814,2845,2848,2856,2859,2863-2865,2878,2893,2895,2905-2906,2916-2917,2957-2958,2967-2968,3015,3041,3044,3051,3054,3058-3060,3077,3087,3095-3096,3100,3110,3112,3121,3132,3141,3162,3172,3180-3181,3185,3195,3197,3206,3217,3229,3235,3237,3256,3266,3274-3275,3279,3282,3293,3302,3309,3313,3322,3328,3362,3376,3384-3385,3390,3394,3405,3415,3425,3428,3458-3459,3461-3462,3471,3479,3486-3488,3492,3539,3542,3550,3553,3557-3559,3572,3584,3592,3601,3613,3623,3631,3639,3643,3657,3669,3677,3686,3698,3709,3717,3725,3729,3772,3786,3789,3794,3799-3800,3803,3807-3810,3812,3823,3847,3850-3851,3864,3876,3898,3901-3902,3915,3956,3996,3999,4004,4009-4010,4013,4017-4020,4022,4035,4051,4055,4070-4071,4077-4078,4085,4099,4109,4122,4138,4142,4157-4158,4164,4181,4193,4234,4264,4267,4272,4277-4278,4281,4285-4288,4290,4317,4335,4339,4354,4357,4359,4367,4380,4392,4413,4423,4442,4476,4530,4533,4540,4543,4545,4549-4551,4562,4568,4576,4581-4582,4585,4592,4598,4606,4612,4642,4645,4652,4655,4659-4661,4670,4679-4680,4691,4693,4707,4718,4720,4726,4736,4739,4742,4752,4761,4776,4787,4797,4800,4803,4806,4844-4845,4849-4850,4855,4858,4866,4869,4873-4875,4886,4895,4922-4923,4932,4954-4955,4964,4989-4991,4995-4997,5003,5010,5019,5070,5077,5082,5098-5099,5104,5108,5111-5113,5137-5138,5151,5163,5221,5224,5278,5282-5283,5302,5317,5320,5355-5356,5375,5391,5407,5453,5469,5472,5502,5513
test/integration/singlecluster/controller/jobs/kubeflow/kubeflowjob.go
  h_47cee5fa694435 42,68,74,81,89,93,99,110,114,118,122,124,126-127,135-136,140,144,152,163,167,173,178-179,183,191,205,210,222,235,248,252-253,260,263,280,283,293-294,303,306,317,321,325-326
test/integration/singlecluster/scheduler/inadmissible/suite_test.go
  h_47cee5fa694435 41,52,57,78
test/integration/singlecluster/controller/jobs/job/job_controller_test.go
  h_47cee5fa694435 72,90,94,106,111,122,130,141,147,152,173,177,186,194,201,212,218,225,232,248,252,260,264,278-279,283,287,291,293,296,308-309,313,317,323,332,341,347,351,357,367-368,372,378,402,407,414,419,426,436,442,452,464,469,475,481,483,488,495,500,506,518,523,529,535,537,542,549,554,560,567,574,579,586,594,601,606,613,623,636,644,651,653,655,661,663,670,675,683,693,707,711,722,727,743,749,757,763-764,779,784,791,797,804,807,812-813,820,850,863-864,892,902,912,925,932,947,954,958-959,965,974,981,988,993-994,1000,1009,1020,1028,1033-1034,1040,1049,1057,1064,1083-1084,1098,1111,1122,1128,1135,1143,1153,1157,1159-1160,1167,1175,1188,1190,1197,1204,1212,1216,1231-1232,1237,1239,1241,1247-1250,1270,1277,1284,1322,1324,1334-1335,1342,1371,1375-1376,1383,1397,1411,1419,1422,1440,1442,1452-1453,1460,1481,1489,1492,1510,1512,1522-1523,1531,1539,1571,1574,1579,1583,1593,1603,1612-1613,1620,1623,1638-1639,1647,1652,1663,1665,1672-1673,1939,1942,1951,1954,1962,1977,1984,1987,1990,1993,1997-2003,2014,2017,2032,2039,2046,2055,2062,2069,2078,2085,2092,2101,2105,2112,2120,2131,2138,2145,2154,2161,2168,2177,2184,2191,2200,2204,2215,2227,2232,2240,2245,2256,2259,2262,2265,2281,2284,2287,2303,2310,2317,2326,2333,2340,2349,2356,2363,2372,2379,2387,2398,2405,2412,2421,2428,2435,2444,2451,2458,2467,2471,2482,2499,2502,2505,2521,2528,2535,2544,2551,2558,2567,2574,2581,2587,2594,2602,2610,2616,2618-2619,2623,2629-2631,2635,2640,2642-2643,2666,2670,2672-2673,2678,2680,2689,2697,2701,2707,2722,2729,2736,2743,2750,2754,2760-2761,2768,2781,2788,2795,2802,2809,2813,2827,2840,2847,2851,2858,2867,2878,2887,2896,2903,2917,2922,2924-2925,2932,2937-2939,2948,2958,2964,2967-2968,2983,2988-2989,2996,3001-3002,3011,3021,3027-3029,3047,3053,3067,3075,3094,3105,3126,3131,3143,3145,3158,3161,3167,3175,3187,3189,3202,3205,3211,3227,3235,3256,3278,3282,3286-3287,3296,3306-3307,3319,3326,3330,3338,3341,3347,3362,3372-3373,3390,3396,3402,3408,3410,3418,3425-3426,3433,3447,3454,3466,3472,3478,3484,3486,3492,3503,3516-3517,3525,3534,3547,3549,3565,3568,3571,3573,3576,3587,3590,3594-3599,3613,3621,3630,3639,3641,3644-3647,3657,3665,3674,3683,3685,3688-3691,3726,3729,3733,3736,3740-3742,3749,3755,3761,3772,3778,3784,3790,3796,3798,3811,3818,3821,3829,3840-3841,3850,3855-3857,3864,3870,3877,3880,3888,3899-3900,3909,3920,3926,3932,3934,3941,3947,3954,3957,3965,3976-3977,3986,3997-3998,4007,4018-4019,4024-4026,4034,4040,4055-4057,4071,4077,4083,4089,4095,4097,4100-4101,4115,4121,4127,4133,4139,4142,4157,4159,4163,4165,4174,4185,4191-4192,4195-4196,4204,4215-4216,4224,4235-4236,4239-4242,4245-4248,4250-4251,4274,4283,4286,4297,4303,4309,4315,4321,4323,4345,4355,4358,4361,4369,4380-4381,4390,4401,4407,4413,4415,4448,4462,4465,4470,4475-4476,4479,4483-4486,4488,4505,4507-4508,4517,4530,4537,4541,4546,4561,4572,4582,4599,4603-4604,4620,4641,4651,4660,4668,4679,4696,4702,4704-4705,4720,4752,4776,4779,4784,4793,4796,4800-4803,4805,4820,4836,4844,4848,4857,4879,4904,4907,4912,4915,4919-4921,4933,4942,4954,4964-4965,4969,4977,4985,4991,4993,5004,5014-5015,5026,5034,5047,5056,5068,5079-5080,5095,5101,5107,5113,5119,5121,5125-5126,5138,5145,5154,5166,5177-5178,5193,5199,5205,5211,5217,5219,5223-5224,5232,5259,5269,5272,5278-5279,5282-5283,5288-5289,5291,5293-5294,5296,5306-5308,5312,5320,5328,5332,5337-5338,5345,5352-5354,5363-5364,5368,5377,5385,5389,5395-5396,5420,5423,5431,5434,5437-5440,5456,5471,5481,5489,5499,5512,5516,5525,5535,5538,5560,5570,5584,5592,5607,5616,5622,5631,5638,5647,5658,5665,5674,5688,5709,5717,5725,5741,5744,5755,5763,5781,5789,5793,5804,5812,5833,5842,5850,5860,5868,5884,5903,5910,5918,5929,5937,5949,5965,5972,5979,5989,5996,6010,6030,6036,6044,6053,6069,6091,6107,6117,6123,6128,6143,6159,6168,6173,6176,6185,6190,6203,6219,6228,6233,6236,6245,6252,6270,6285,6297,6301,6308,6331,6342,6349,6354,6372,6381,6387,6398,6404,6413,6419,6425,6431,6438,6444,6456,6460,6462-6463,6473,6477,6485,6497,6501,6503-6504,6512,6526,6534,6538,6546,6559,6563,6565,6575,6589,6599,6615,6622,6637,6640,6644,6648,6650-6658,6665,6668,6670,6682,6685,6687-6694,6697,6699-6700,6702-6703,6706-6709,6724,6727,6729-6730,6746,6749,6752,6770,6773,6775,6782,6789,6791-6793,6807,6812,6823,6826,6831,6850,6853,6855,6862,6864-6866,6873,6880,6889,6896,6899,6904,6915,6928,6935,6940,6950,6964,6974,6990,7001,7010,7017,7023,7060,7065,7068,7073,7076,7080-7084,7092,7101,7108,7118,7155,7159,7180,7223,7226,7233,7238,7245,7256-7258,7281,7284,7287-7288,7295,7310,7313-7314,7328,7336-7338,7352,7355,7361,7365-7366,7380,7382-7383,7397,7405-7406,7410-7411,7420,7430,7433,7444,7453-7454,7469,7472,7478,7480-7481,7495,7497-7498,7505,7511,7523,7525-7526,7543,7546,7548,7554-7556,7569,7572,7580-7581,7586,7604,7612,7616,7631,7643,7651,7654,7656,7662-7664,7677,7680,7688-7689,7696,7714,7717,7719,7725,7728-7729,7744,7747-7748,7758,7761,7768,7770,7782,7785,7787,7793,7796-7797,7810,7813,7823-7824,7836-7837,7840,7846,7855,7859,7865-7867,7877,7905,7908-7910,7920,7935,7944-7945,7974,7977-7979,7989,8004,8013-8014,8040,8043-8045,8059,8063-8064,8085,8091,8103,8112-8113,8118,8149,8152-8154,8158,8168,8179,8188-8189,8191,8218,8221-8223,8238,8241-8242,8257,8266-8267,8289,8292-8294,8307,8310-8311,8325,8333-8334,8346-8347,8363,8367,8369,8384,8393-8394
test/integration/singlecluster/scheduler/was/suite_test.go
  h_47cee5fa694435 53,67,78,80,150
test/e2e/singlecluster/baseline/visibility_test.go
  h_47cee5fa694435 35,62-63,67-72,80,89,93,96,99,102,107,113,120-121,124-125,127-130,132-134,143,149,153,161,169,173,181,225,235,241,245,253,261,265,273,301,327,336,341,356,361,377,392,399,425,451,461,476,481,500,527,532,537,561,566,610,614,623
test/e2e/sequential/baseline/ha_test.go
  h_47cee5fa694435 33,37,44,70,73,82,85,89-91,105,113,121,132,140,147,151,159,169,177,184,198,201,213,216,220-223,232-233,236,239,246-247,257-258,265-266,269,272,280,283-284,287,308,311
test/e2e/sequential/extended/sparkapplication_test.go
  h_47cee5fa694435 40,58,66,78,96,100-103,109,122,125,129-132,136,139,152,165,178,192,212,216,220,232,236,245,248,252-256,260,263,282,290,316,344
test/util/behavioral/event_matchers.go
  h_47cee5fa694435 1-67
test/integration/singlecluster/webhook/jobs/sparkapplication_webhook_test.go
  h_47cee5fa694435 31,40,44,55,81
test/e2e/singlecluster/tasapi/extended/leaderworkerset_test.go
  h_47cee5fa694435 37,50,53,59,64,67,71-76,100-101,117,126,137,199-200,221-222,238,251,260,271,327-328,350-351,367,380,389,400,445-446,470-471,487,496,507,568-569,593-594,610,619,630,714-715,731-732,741,750,761,766
test/integration/singlecluster/controller/jobs/rayjob/rayjob_controller_test.go
  h_47cee5fa694435 48,65,71,73,84,87,94,96,103,110,117,122,132,143,148,152,156,158,160-161,186-187,192,196,204,215,219,225,229-230,234,242,253,261,270,287,290,296,306,318,346,350,358,361,371,382,403-404,411,414,429,431,441-442,449,451,569,572,575,582,585-588,594,601,608,611-612,618,627,636,662,665,675,679,684,687-690,699,707,715,725,734,741,744,746,753,760,770,784,795,815,833-834,844,854,868
test/integration/framework/framework.go
  h_47cee5fa694435 60,96,100,244,271
test/integration/singlecluster/controller/jobs/pod/suite_test.go
  h_47cee5fa694435 47,59,64,136
test/integration/singlecluster/controller/dynamicquotaorchestrator/dynamicquotaorchestrator_test.go
  h_47cee5fa694435 40,63-65,67,69-75,109,130,152,183,195,210,231,289,313,338,346,361,403,439,461,497,503,526,549,593,599,615,651,705,716,727,734,757,788,817,827,837,843,864,873,891,903,930,968,976,979,987,995,1003,1009,1038,1066,1069,1077,1083,1089,1101,1105,1114,1142,1150,1156,1166,1175,1193,1197,1206,1258,1264,1270,1284,1292,1296,1303,1312,1330,1344,1356,1386,1407
test/e2e/singlecluster/baseline/concurrent_admission_test.go
  h_47cee5fa694435 34,41,44-45,64,68,80,83,87-92,98,103,115,131,142,154,159,164,180,194,204,216,227
test/integration/singlecluster/webhook/jobs/appwrapper_webhook_test.go
  h_47cee5fa694435 31,38,41,47,54,66
test/integration/singlecluster/controller/failurerecovery/pod_termination_controller_test.go
  h_47cee5fa694435 31,44,57,59,63,69,76,78,85,92,105,112,114,121,128,141,149,151,155,179,188,190,198,204,206,209,222,230,232,239,245,253,255,262,268
test/integration/multikueue/setup_test.go
  h_47cee5fa694435 54,91-93,120,123,129,132,135,137,140,142,146-158,180,182,203,208,227-228,247-248,250,263-264,286-287,289,302-303,330,332,354-355,374-375,388-389,408-409,422-423,479-480,493-494,520-521,533-534,593-594,606-607,626-627,639-640,680,697,714,759-760,769-770,778,785,798-799,819,833,841,853,863,871,876,884,908-911,933-934,951-952,976,994,998,1011,1029,1057,1078,1091,1110,1126,1143,1167,1182,1192,1202,1217,1235-1236,1261,1274,1355,1392
test/integration/singlecluster/scheduler/suite_test.go
  h_47cee5fa694435 48,85,90,119
test/integration/singlecluster/controller/dra/suite_test.go
  h_47cee5fa694435 42,53,63,141
test/integration/singlecluster/controller/jobs/rayjob/suite_test.go
  h_47cee5fa694435 41,52,57,96
test/e2e/sequential/extended/workloadidentifierannotations_test.go
  h_47cee5fa694435 35,47,50,59,62,66-70,75,86,93,102,116
test/integration/singlecluster/controller/dra/dra_cc_test.go
  h_47cee5fa694435 35,95,103-106,153,196,242,295,350,397,450,494,539,571,593,646,701,708,754
test/e2e/singlecluster/tasapi/extended/mpijob_test.go
  h_47cee5fa694435 37,50,53,59,69,72,75-80,102-103,112-113,119,125,133,143,179-180,189-190,196,203,210,218,228,265-266,276-277,283,289,297,307,335-336,357-358,366,377
test/integration/singlecluster/controller/jobs/job/elastic_flavor_test.go
  h_47cee5fa694435 36,56-59,64,72-75,82,102,109,123,144-145,153,178-179,204
cmd/experimental/kueue-populator/test/integration/controller_test.go
  h_47cee5fa694435 31,54-55,59,77,102,109,131,139,146,156,171,189,199,204,220,227,240,259,266,282,284,289,315
test/integration/singlecluster/controller/core/workload_effective_info_test.go
  h_47cee5fa694435 31,42,44,46-47,49-50,52,56-60,67,69,82,91,95
test/integration/singlecluster/webhook/jobs/suite_test.go
  h_47cee5fa694435 38,50,56-63,65,81
test/e2e/sequential/baseline/workloadpriorityclassdefaulting_test.go
  h_47cee5fa694435 33,36,46,51,56,60-61,65,67,70,74-76,85,88,99,104,113-114,120,122,131,134,144,149
test/e2e/dra/capacity/dra_test.go
  h_47cee5fa694435 32,39,42-43,54,63,67,70-71,77,80,86,89,97,100-101,107,109,115,118,126,128-129,135,138,144,147,155,157-158,164,167,173,176,184,186,192,195,201,204,215,221,227,230,236,239,244,247,260,264-265,271,275,281,284,302
test/e2e/singlecluster/tasapi/extended/jobset_test.go
  h_47cee5fa694435 37,43,46-47,59,63,71,74,77,79-84,96-97,108,114,122,132,159-160,173,179,187,197,224-225,237,243,251,261,285-286,296-297,311,319,337,361
test/integration/singlecluster/scheduler/scheduler_request_overflow_test.go
  h_47cee5fa694435 31,53,56,63,68,72-76,86,95,105-106
test/integration/singlecluster/controller/jobs/rayservice/rayservice_controller_test.go
  h_47cee5fa694435 41,62,65,72,75,79-81,94,102,121,128,135,142,147,150,179,192,197
test/integration/singlecluster/kueuectl/create_test.go
  h_47cee5fa694435 38,48,51,55-56,81,107,134,158,191,223,245,263,292,341,382,422,471,515,581,594,623,682,708
test/e2e/certmanager/certmanager_test.go
  h_47cee5fa694435 29,44,47,53,56,60-63,70,74,78,90
test/integration/singlecluster/importer/importer_test.go
  h_47cee5fa694435 36,55,57,64,67,69,76,79,83-89,104-105,127,136,141,152,161,163-164,168,170-171
test/e2e/singlecluster/extended/trainjob_test.go
  h_47cee5fa694435 34,41,44-45,55,61,63,66,68-72,80,86,95,102,109,111,126,129,145,147,150,152-157,165,171,180,187,209,215
test/e2e/dra/whole-device/dra_test.go
  h_47cee5fa694435 37,44,47-48,59,69,73,76-77,83,85,91,94,113,116,119,122,128,130,136,140,151,158,165,171,173,176,178,184,187,193,196,213,217-218,226,233,235,238,240,243,245,251,254,260,263,269,272,275,282,288,291,297,300,318,321,324,327,333,336,342,346,364,368,370,375,378,386,389-390,396,398,406,409,430,433,456,459,462,475,479,483-485,495,497,516,519,522,525,535,538,549,556,563,569,571,577,580,587,589,603,617,620-621,627,629,637,639,660,663,672,674,692,695,714,723,727,731-732,741,743,755,759,762,764,776,779,782
test/integration/singlecluster/controller/jobs/raycluster/raycluster_controller_test.go
  h_47cee5fa694435 56,71,81,84,91,93,100,106,113,118,128,140,144,148,152,154,156-157,177-178,184,189,197,208,212,218,222-223,227,235,251,254,260,269,281,295,302,309,324,331,338,367,371,379,382,392,402,418-419,426,429,444,446,456-457,464,466,578,581,584,591,594-597,603,610,615,618-619,626,631-633,639,655,658-659,680,683,693,697,702,705-708,717,724,732,741,749,757,760,762,769,776,798,801,809,812,815-818,834,848,854,863,870,879,895,902,912,939,949,968,977,983,995,1001,1010-1011,1018,1021,1027,1047,1055,1063,1079,1082,1099,1107,1130,1142,1147,1150,1158,1164,1168,1173,1181-1182,1191,1194,1211,1219,1227-1228,1235,1241,1244
test/e2e/sequential/baseline/reconcile_test.go
  h_47cee5fa694435 32,37,54,80,83,87-89,99-100,107,121,131,138
test/integration/multikueue/trainjob_test.go
  h_47cee5fa694435 39,82-85,90,92,103,109,123
test/e2e/multikueue/sequential/e2e_test.go
  h_47cee5fa694435 50,99-101,104,107,110,116,119,122,125,140,143,146,149,152,166,169,172,175,178,192,195,199-201,202,203-206,207,208-211,212,213-220,221,222-224,227,229,232,237,250,252,262,266,270,286,290-291,295,299,304,309,311,321,332,336,341,346,353,363,367-368,375,379-380,394,404,418,426,447-448,452,456,460,465,474,476,483,489,493-494,506,520-521,528,535,543,557-558,563,587,592,600,606,633,642,657,662,667,675,679,687,690-691,706,718-719,727,741,747,763,777,793-794,799,804,809-811,822,825,828,836,839,842,851,859,870,879,884,892,903,912,917,925,935,963-964,979,998
  h_47cee5fa694435 202,207,212,221
test/integration/singlecluster/scheduler/scheduler_test.go
  h_47cee5fa694435 45,63,67,76,81,84,104,108,110,134-135,140-141,144-145,155,164,175,185,196,205,211,217,223,229,235,241,245-255,261,265-269,273-276,285,300-305,309,314,318-322,325,329-334,347,355-361,379-380,384-390,394,398-403,415,422-426,442-443,447-452,456,460-464,477,479-481,485-487,499,501-504,509-512,525,527-529,538-541,545-547,562-565,574-577,581-584,595,601-605,620,622,624,626,628,630-631,633,636,639-642,645,647-651,664,666,673,675,682,684,695,698,700,702,704,718,720,722,724,726,728-729,731,734,737-740,743,745-749,756,758-762,767-768,770-771,774,776-780,788,790-792,795-798,812-813,825,841,843,859,869,876,878-881,893,901,903,907-908,914,918-922,926-931,935,939-943,950-954,962,964,968,972,976-980,984-989,993,997-1001,1008-1012,1026,1028,1032,1037-1042,1047-1049,1063,1068-1074,1099,1102,1104,1106,1110,1116,1118-1123,1128-1132,1147,1149,1153,1158,1160-1165,1169,1171,1173-1178,1189,1199,1202,1206-1207,1213,1218-1222,1226-1231,1235,1240-1244,1255,1262,1265,1269-1270,1276,1280-1284,1290,1295-1299,1319,1323-1326,1330-1333,1337-1340,1344-1347,1358-1359,1363,1365,1367-1368,1378,1381,1386-1391,1400,1402,1408-1412,1420,1426,1429,1432,1437-1447,1455,1457,1460-1469,1478,1485,1488,1491,1495-1496,1501-1505,1508,1511-1512,1515-1516,1533,1536,1541-1543,1551,1562-1563,1571-1574,1582,1591,1594,1597,1601,1605-1609,1613,1617-1621,1635,1642,1645,1648,1653-1655,1659-1660,1662,1664,1683-1685,1695-1696,1701-1703,1710-1712,1719,1723-1725,1735-1736,1742,1748,1750,1762,1772-1773,1778-1780,1785,1792,1796-1798,1807-1808,1813-1814,1824-1826,1838,1842-1844,1862-1864,1866-1868,1877-1879,1888-1890,1893,1900,1909,1914-1916,1934-1936,1938-1940,1949-1951,1958-1959,1962,1967,1970-1971,1978,1984-1987,2004,2006,2011,2013,2022-2024,2033-2035,2038,2045,2054,2059-2061,2072,2074,2084,2087,2092-2097,2105,2107,2113-2117,2125,2131,2134,2137,2143-2154,2165,2166,2167-2175,2186,2188,2202,2204,2212,2214,2219,2221,2229,2232-2233,2242-2244,2247,2254,2263,2268-2270,2285,2287,2295,2298-2299,2308-2310,2313,2320,2329,2334-2336,2357,2359,2367,2369,2374,2376,2384,2387-2388,2397-2399,2402,2409,2411,2419-2420,2429,2434-2436,2450,2452,2465,2468,2476,2479-2480,2490-2492,2495,2502-2503,2507-2508,2513-2514,2516-2517,2521,2547-2548,2552-2553,2562,2565,2569,2571,2573-2574,2580-2583,2588,2591,2596,2599,2603,2605-2607,2616,2618-2619,2625-2626,2633,2635-2636,2642,2646,2648,2654,2660,2666,2672,2679,2681-2682,2693,2700,2702,2706,2708,2710-2712,2715,2720,2724,2726,2728-2731,2747,2749,2753,2780,2792,2795,2803,2805,2835,2837,2841-2842,2853,2868,2877,2890,2899,2912,2922,2934-2935,2951,2953,2957-2958,2976,2979,2993,2996-2998,3016,3018,3022,3028-3031,3039,3041-3044,3056,3058,3061,3065,3067,3074,3076,3078-3081,3099,3102,3106,3112,3114-3116,3132,3134,3141,3143-3144,3156,3158,3172,3174,3176,3180,3182,3189,3203,3205,3207-3210,3225,3228,3232,3240,3243,3245-3246,3250,3256,3258-3259,3263,3267,3269-3270,3274,3278,3280-3281,3285,3294,3297,3300,3302-3303,3307-3309,3319,3321-3322,3326-3328,3338,3340-3341,3345-3347,3354,3356-3357,3361-3363,3367,3388,3397,3400,3403,3407-3408,3418,3426,3437,3443,3453,3455,3468,3479,3485,3495,3497,3522-3523,3527-3528,3534-3535,3538-3540,3543-3544,3547,3550-3551,3554-3555,3579-3580,3584-3585,3590-3591,3594,3597-3598,3601-3602,3615,3617,3621-3622,3627,3630,3662,3668,3673-3674,3677,3681-3682,3685,3706,3712-3714,3725-3727,3741,3752,3763,3789-3790,3804,3807,3818-3819,3839,3850,3852,3864,3870-3871,3883,3886,3893,3899-3900,3911-3913,3933,3944,3950,3972,3981-3982,3985-3986,3988-3989,4000-4002,4021,4032,4043,4065,4073,4080,4083,4087,4094,4098-4099,4120,4131-4132,4143-4144,4175,4182,4187,4190-4191,4198,4202-4204,4225,4227,4234,4236,4250,4257-4258,4266,4278,4289-4290,4302,4305-4306,4312,4320,4327,4330-4331,4338-4339,4353,4360,4363,4367-4369,4383,4386,4393,4402,4405,4413,4422,4430,4439,4453,4456,4463,4472,4475,4483,4492,4503-4504,4507,4512,4519,4534,4542,4548-4549,4552,4554,4558-4563,4577-4578,4584-4585,4597,4602-4605,4609,4613-4614,4622,4686,4690-4693,4767,4777,4787,4797,4804,4836-4838,4870,4872,4879,4882
  h_47cee5fa694435 2166
test/e2e/singlecluster/tasapi/baseline/suite_test.go
  h_47cee5fa694435 31,40,44,47,52,74
test/integration/singlecluster/controller/jobs/jaxjob/suite_test.go
  h_47cee5fa694435 43,54,59,99
test/e2e/singlecluster/tasapi/baseline/statefulset_test.go
  h_47cee5fa694435 32,35,45,48,54,59,62,66-70,79,86,93,104
test/e2e/singlecluster/baseline/aggregated_openapi_test.go
  h_47cee5fa694435 24,25,46
test/integration/singlecluster/webhook/jobs/rayjob_webhook_test.go
  h_47cee5fa694435 31,40,44,121,147
test/integration/singlecluster/controller/jobs/job/suite_test.go
  h_47cee5fa694435 49,60,141
test/integration/singlecluster/tas/tas_zero_count_group_test.go
  h_47cee5fa694435 34,53,55,61,69,74-76,80,82,84,86,92,108,111,136,144,147,166,174,183,188,200-201,208,213-214,220,225,245
test/e2e/sequential/baseline/metrics_test.go
  h_47cee5fa694435 30,33,45,58,61,78,82,85,88,95-99,119,126,135,139-140,144,158,162-163,172,191,195,209,231,237,246,250-251,255,269
cmd/experimental/kueue-priority-booster/test/integration/priority_boost_envtest_test.go
  h_47cee5fa694435 33,56,85,92,105,114
test/integration/singlecluster/controller/jobframework/setup/setup_controllers_test.go
  h_47cee5fa694435 39,56,59,68,73-75,99,108,116,127,138
test/performance/scheduler/runner/controller/controller_test.go
  h_47cee5fa694435 30,76
test/integration/singlecluster/controller/concurrentadmission/concurrent_admission_test.go
  h_47cee5fa694435 42,53,57,71,74,82,85,89-91,93,95-96,107,122,132,136,149,152,160,171-172,185,198,212,225,228,236,239,243-247,258,266,275,279,289,300,319,324,339,346,353-354,368,379,386,399,402,405,415,418,420,424-429,440,448,459,468,475,484,488,498,511,514,522,525,529-533,544,552,563,572,585,599-600,603,606,617,620,624-629,640,653,660,671,673,680,689,707,710,724,727,731-735,746-747,759,771,783,797,800,803,813,816,820-825,836,845,855,863,876,879,896,899,903-907,918,926,937,945,949,959
test/e2e/sequential/baseline/admission_fair_sharing_test.go
  h_47cee5fa694435 34,37,44,52,56,60,64,68,86,96,100,109,116,121-122,126-127,138,144,149,152,157,165,209,219,223-224,233,240,245-246,250-251,262,268,273,277,284
test/util/behavioral/rbac_manifests_test.go
  h_47cee5fa694435 1-232,234-460
test/e2e/singlecluster/wasapi/job_test.go
  h_47cee5fa694435 34,52,55-56,71,80,82,85-91,107,113,120,127,133,151
test/integration/singlecluster/webhook/jobs/raycluster_webhook_test.go
  h_47cee5fa694435 42,51,55,73,99,156-157,161,171,178,185,207-208,216,223
test/integration/singlecluster/scheduler/fairsharing/dra_fair_sharing_test.go
  h_47cee5fa694435 36,62,73,93,95,97,101,107,111-114,120,123,126,145,154-155,163,196,199,230,239,242,245,263,269,273,287,322,324,326,330,336,340-343,349,352,355,374,383-384,394,401,408,415,419,422,431,438,442,445,448
test/integration/singlecluster/tas/tas_preserve_flavor_scan_progress_test.go
  h_47cee5fa694435 32,67,93,96,102,108,130-131,134,138-143,145,175,179,194,198
test/e2e/multikueue/dra/suite_test.go
  h_47cee5fa694435 38,63,66,70,77,79,81,84-86,91,93,95,97,102-104,107-109
test/e2e/singlecluster/baseline/job_test.go
  h_47cee5fa694435 47,56,59,67-68,73,79,85,106,109,125,127,130-131,133,135-140,164-165,182,190,198,204,210,216-217,220,227,234,236,244,254,263,275-276,289-290,294,304,318,322,326,330,335,338,344,352,358,360,366,375,381,386,395,401,408,415,422,430,434,438,454,464,474,478,487,494,504,513,522,528,535,551,566,571,580,590,598,612,624,631,640,645,654,660,668,678,699-700,703,713,715,718,720-725,730-731,742,746,755,759,763,768,773,784,788,791,796,805,831,841,844,848-850,863,866,869,873,877,882,898,903,912,916,920,925,933,949,963,972,975,979-985,1003,1006,1012,1017,1026,1034,1039,1081
test/e2e/sequential/baseline/visibility_server_test.go
  h_47cee5fa694435 30,41,48,66,76,84,86,89,105,109,113
test/e2e/sequential/baseline/objectretentionpolicies_test.go
  h_47cee5fa694435 34,37,46,54,57,61-63,69,78,86,91,104,108,111,122,128,133,142,145-146,153,161,164,168-170,176,182,194,198,204,211,219,225,237,241,247,254,260,266,275,278,283,295,303,306,310-312,318,323,327,338
test/integration/multikueue/cluster_role_sharing_test.go
  h_47cee5fa694435 42,92-94,103,106,109,112,115,123,126,132,135,138,140,143,145,153-154,157,163-164,167,171,173,176,178,183-185,186,187-188,189,190-194,195,196-202,212,217,227,232,242,244-245,253,260,262,269,277,289,296,308,341,373,383-384,395,400,410,415,425,427-428,436,443,445,452,460,472,479,491,524,556,566-567,581,591,600,607
  h_47cee5fa694435 186,189,195
pkg/controller/core/workload_controller_test.go
  h_47cee5fa694435 68,1786,1801,1813,1857,1870,1880,1889,1903,1909,1914,1920,1930,1936
test/integration/singlecluster/controller/jobs/pod/pod_custom_metric_labels_test.go
  h_47cee5fa694435 35,59,65,69-70,76,78,82-83,91,101,110-111,117,127
test/e2e/multikueue/sequential/suite_test.go
  h_47cee5fa694435 34,42,62,66,73,75,77,80-82,86,88,91-93,96,98,101-103,107-109
test/integration/singlecluster/scheduler/was/was_test.go
  h_47cee5fa694435 38,57,102,140,163,167,171-181,183,202,224,247,268,278,290,296,300,314,324,339,356,365,368,370,386-387,399,408,416,418,430,439,450,452,457,464,469,479,488,495,497,505,510,520,529,536,538,548,553,563,572,581,583,585,599,639,649,653,668,672,676-680,682,698,700,719,721
test/e2e/sequential/baseline/failure_recovery_policy_test.go
  h_47cee5fa694435 36,43,51,55,59,62,93,97,101,122,127,131,137,148,164,170,179,187
test/e2e/singlecluster/extended/jaxjob_test.go
  h_47cee5fa694435 32,47,53,66,69,72-76,88,94,119,132,137,139,143,147
test/integration/singlecluster/scheduler/configurablepreemptions/cases_test.go
  h_47cee5fa694435 36,54,63,67,100,120,123,130,139,141,150,152,156-163,170-171,186-189,203,226,229,236,238,246,248,252-258,266-268,274-277,279-280,308,311,318,320,324-328,342-344,355,358-359,367,369,375-377
test/e2e/sequential/baseline/managejobswithoutqueuename_test.go
  h_47cee5fa694435 43,46,55,61,63,69,71,74-77,87,93,95,104,112,121-122,132,134,143,152,158,166,175,178,188,197,202,211,218,226,232,245,253,259,271,281,287,293,303,312,324,335,342,349,361,369,375,390,393,403
test/integration/singlecluster/controller/dra/dra_prioritized_list_test.go
  h_47cee5fa694435 35,65,70,75,83,87,91-93,95,107,114,128,139,146,164,175,182,200
test/integration/singlecluster/tas/tas_topology_spreading_test.go
  h_47cee5fa694435 38,113,161,164,169,177,180,184-188,190,219,225,235,251,324-325,337,377,381,385,403,411,413,425,447,451,455,461,466,495,531-532,573-574,632-633,693,705-706
test/e2e/multikueue/extended/pytorchjob_test.go
  h_47cee5fa694435 32,56-57,67,72,89-90,98-99
test/e2e/singlecluster/tasapi/baseline/deployment_test.go
  h_47cee5fa694435 36,39,49,52,58,63,66,70-74,97,107,115,126,139
test/integration/singlecluster/controller/jobs/sparkapplication/sparkapplication_test_util.go
  h_47cee5fa694435 40,60,67,75,81,85,87,89-90,114-115,119,124,132,145,152,165,184-185,191,194,212,215,226-227,236,239
test/integration/singlecluster/controller/dra/deactivation_writeback_probe_test.go
  h_47cee5fa694435 33,69,76-79,99,113,122
test/integration/multikueue/jobset_test.go
  h_47cee5fa694435 38,80,96,101,116
test/util/behavioral/util.go
  h_47cee5fa694435 1-1879
test/integration/singlecluster/scheduler/scheduler_request_scaling_test.go
  h_47cee5fa694435 29,51,56,68,72,75,79-83,99,101,117-118,125-126,128-129
test/integration/singlecluster/scheduler/preemption_test.go
  h_47cee5fa694435 44,61,63,67-68,84,87,91-93,119-122,124,132,134,142,144-148,150-151,182,184,192,203,206,208-209,230-232,234-236,243,245-246,249,252,254-255,275,280-281,292,296,298,301,304,319,323,326-327,338,342,344,347,357,359,368,371,390,392,398,400,410,412,416-422,433,440,446,448-449,457,459,461-463,470-479,480,481-491,492,493,494-497,501-503,520,537,549,555,557-558,566,569-571,582,588,590,605-606,610,613,616,619,621-622,633,636,644,650,655,657,660-662,673,676,684,690,695,697,700-701,704,706,709-711,724,735,737,747,749,753-758,767-768,775-776,785-788,792,805,808,828,830,849,851,870,872,892,894,900,904-915,925,928,943,946,961,964,979,983,995-996,999,1002,1012,1022,1032,1050-1052,1065,1071,1074,1077,1082-1084,1088-1089,1091,1093,1114,1130,1132,1152,1154,1170,1174-1180,1192-1193,1202-1203,1212,1216-1218,1263-1267,1289,1302-1305,1323,1326,1330-1332,1344-1345,1354-1355,1365-1369,1377-1379,1392,1405,1407,1420,1422,1435,1437,1441-1448,1466-1468,1476-1477,1485,1488,1491,1497,1500,1503-1504,1523,1526,1530-1532,1544-1545,1557-1558,1568,1577-1578
test/integration/singlecluster/controller/core/custom_labels_test.go
  h_47cee5fa694435 40,64-65,69-72,85,90,95,98,101,111,115,120,122,133,137,142,145-146,152,160,172-173,189,207-208,212-215,228,232,237,239,257-258,262-265,278,282,287,289,308-309,313-316,329,333,338,341,349,362-363,367-370,382,386,391,394,416-417,421-424,437,442,447,454,457,460,479-480,484-487,503,508,515,517,520,523,530,533,535,538,548,553,558-559,577,584,602,620,639-640,644-648,666,680,684,688,695,701,708,717,737-738,742-746,755,765,769,774,780,783,786,789,797,804,813,817,822,828,843,850,865,880,887,897,901,906,912,920,922-923,931,934-936,950-951,955-958,969,973,978,981,1002-1003,1007-1010,1022,1027,1034,1041,1048,1063,1066-1067,1070-1075,1078,1081-1082,1085-1088,1098,1103,1110,1117,1120,1128,1131-1132,1142,1147,1154,1161,1164-1165,1168-1171,1179,1182-1183,1186-1187,1197,1202,1209,1216,1219,1222-1223,1226,1229,1232-1233,1245,1250,1258,1265,1268-1269,1279,1284,1292,1295,1303,1306-1307,1327-1328,1332-1335,1347,1351,1357,1363,1369,1375,1378-1380,1390,1394,1400,1405,1421,1427,1430-1431,1441,1445,1451,1455,1468,1471-1472,1480,1483-1484,1492,1495-1496,1506,1510,1516,1519,1527,1536-1537,1547,1551,1557,1560,1568,1571,1580,1590,1594,1600,1603,1606,1615,1637-1638,1642-1646,1659,1664,1670-1671,1679,1683,1687-1688,1696,1707,1712,1718-1719,1727,1731,1735-1736,1744,1751,1761,1766,1772-1773,1777,1781-1784,1792,1803,1808,1814,1821-1822,1827,1832,1837,1840,1845,1899,1907
test/integration/singlecluster/importer/suite_test.go
  h_47cee5fa694435 41,52,72
test/integration/multikueue/mpijob_test.go
  h_47cee5fa694435 36,82,111,129,143,158
test/integration/singlecluster/webhook/core/admissioncheck_test.go
  h_47cee5fa694435 30,42,44,70,194,197,207,216,219,227,236,239,247,256,259,267
test/e2e/certmanager/metrics_test.go
  h_47cee5fa694435 34,57,60,77,81,102,111,115,122-126,146,152,165-167,171,183,186,197,200,210,228,233,239,247,254,270,279
test/util/behavioral/factory.go
  h_47cee5fa694435 1-39
test/integration/multikueue/suite_test.go
  h_47cee5fa694435 75,102,122,128,130-137,211,550,553,569
test/integration/singlecluster/scheduler/excluderesources/scheduler_test.go
  h_47cee5fa694435 34,81-83,108,137,162,178,196,251,254,260,273-274,277,281-284,286,303,305,337-338
test/integration/singlecluster/controller/jobs/tfjob/suite_test.go
  h_47cee5fa694435 43,54,59,99
test/integration/singlecluster/webhook/jobs/statefulset_webhook_test.go
  h_47cee5fa694435 37,56,59,66,76,83,93,104,115,128,147,161,171
test/e2e/singlecluster/baseline/fair_sharing_test.go
  h_47cee5fa694435 30,46,49,74,79,83-88,97,104,124
test/integration/singlecluster/scheduler/limits_default_order_probe_test.go
  h_47cee5fa694435 31,47,49,54-55,57-58,62,66-68,76,83,97
test/integration/multikueue/scheduler/suite_test.go
  h_47cee5fa694435 51,70,90,96,98,127,241
test/integration/singlecluster/webhook/jobs/xgboostjob_webhook_test.go
  h_47cee5fa694435 29,36,40
test/e2e/certmanager/visibility_test.go
  h_47cee5fa694435 30,46,48,57,60,63-67,75,80,87,99,102,110,114,122,130
test/e2e/multikueue/baseline/e2e_test.go
  h_47cee5fa694435 53,100-102,105,108,111,118,122,126,129,147,150,153,156,159,175,178,181,184,187,203,206,223-225,226,227-230,231,232-235,236,237-244,245,246-248,256,261,265,271,282,324-325,339,345,351,371,376,384,391,395,403,434,443,450,464,471,486,495,502,510,517,525,537,541-542,553,570,574,578,591,601,612,616,621,626,631,642,652,656-657,664,668-669,687,693,704,711,713,718,724,735,742,744,752,759,771,781,788-789,795,801-802,806-807,821,823,830,837-838,844,851,860,871,878,880,885,894,905,912,914,922,929,937-938,943,952,963,970,972,980,985,994,1005,1012,1014,1021,1029,1037,1051,1059,1067,1080,1087,1089,1093,1101,1110,1117,1125,1133,1135,1143,1150,1156,1168,1181,1188,1190,1198,1205,1212,1216,1223,1230-1231,1252,1254,1258,1267,1274,1278,1280,1286-1287,1292-1293,1297-1298,1302-1303,1322,1331,1345,1377,1404,1408,1422,1434
  h_47cee5fa694435 226,231,236,245
test/integration/singlecluster/controller/jobs/statefulset/statefulset_controller_test.go
  h_47cee5fa694435 44,60,63,70,73,77-79,90,97,104,110,120,122,127,129,140,147,153,161-162,172,178,185,192,201,211,218,228,234-235,245,251,254,262,269,277,286,296,304,308,316,326,333-334,340,350,358,372,383,393,401,414,424,434,439,449,456,464,471,477-478,484,496,502,512,519,532,538,547,554,558,570,576,586,592-593,596,602,617-618,631,639,650,656,662
test/integration/singlecluster/tas/suite_test.go
  h_47cee5fa694435 48,59,64,66,105
test/integration/singlecluster/webhook/jobs/pod_webhook_test.go
  h_47cee5fa694435 38,69,73,89,94,112,118,147,152,192,195,201,211,236,281,285,297,303,321,327
test/integration/singlecluster/scheduler/limitrange_wakeup_probe_test.go
  h_47cee5fa694435 32,50,52,57,59,63,69,79,84-86,102,116
test/e2e/sequential/baseline/default_config_test.go
  h_47cee5fa694435 37,46,48,65,68,77,80,84-86,105,113,124,133,143,151,158,194,204,212,214,217,223,225,235,237,255,257,278,290,298,325-326,332,337,347,350,354,378,396
test/integration/singlecluster/controller/core/workload_preemption_eviction_metrics_test.go
  h_47cee5fa694435 29,47,49,58,61,65-67,77-78,85,87,89-90,92
test/e2e/dra/counter/dra_test.go
  h_47cee5fa694435 32,39,42-43,54,63,67,70-71,77,80,86,89,97,100-101,107,110,116,119,127,129,135,138,144,147,155,157,163,165,171,174,182,184,190,192,195,198,204,208,216,219-220,226,229,235,238,249,255,261,264,270,273,278,281,294,298-299,305,308,314,317,335
test/e2e/sequential/extended/suite_test.go
  h_47cee5fa694435 30,41,45,48,53,55,58-60,63,69,73-74
test/integration/singlecluster/controller/concurrentadmission/suite_test.go
  h_47cee5fa694435 41,52,57,80
test/e2e/sequential/baseline/configurable_preemptions_test.go
  h_47cee5fa694435 37,65,78,80,83,103,106,110-114,122,128,132,138,142-144,149,155,159-160,176
test/integration/singlecluster/controller/jobs/trainjob/trainjob_controller_test.go
  h_47cee5fa694435 49,79,81,91,94,128-129,131,133,135,139-142,163,166,177,185,203-204,212-213,223,237,246,264,268,283-284,291,301,307,309,316,320,331,339,343,352,358,376,379,399-400,404,410,423,444,447,450,457,460-463,469,498-499,512,514-515,521,550-551,557-559,589-590,596-598,624,630-632,660,675,678,683,688-689,692,696-699,701,739-740,774,778-779,799
test/integration/multikueue/no_gc_test.go
  h_47cee5fa694435 38,75-77,104,107,113,116,119,121,124,126,130-142,158,166,168-169,176,181,189,195,213,221,223-224,228,237,239,246
test/util/behavioral/constants.go
  h_47cee5fa694435 1-120
test/e2e/multikueue/extended/trainjob_test.go
  h_47cee5fa694435 31,53,57,62,70
test/e2e/singlecluster/extended/jobset_test.go
  h_47cee5fa694435 30,37,40-41,55,61,63,66,68-72,81-82,93,99,120,123,139,141,144,146-151,160-161,172,180,196,203
test/integration/singlecluster/scheduler/delayedadmission/delayed_admission_test.go
  h_47cee5fa694435 33,44,51,53,56-57,63,66,68,72-75,87,97,109,113,128,136,155,159,176,184,188,203
test/integration/singlecluster/controller/jobs/paddlejob/paddlejob_controller_test.go
  h_47cee5fa694435 46,57,59,70,73,117,121,125,128,279,282,285,292,295-298,304,351,366,369,374,379-380,383,387-390,392,419,446,450-451,471
test/integration/singlecluster/controller/jobs/job/elastic_custom_metric_labels_test.go
  h_47cee5fa694435 38,67,70,76,79,83-86,97,111,121,128,140
test/integration/singlecluster/controller/jobs/mpijob/suite_test.go
  h_47cee5fa694435 49,60,65-66,128
test/integration/singlecluster/kueuectl/delete_test.go
  h_47cee5fa694435 31,38,42,51,67,76,82,100,113
test/integration/singlecluster/controller/core/suite_test.go
  h_47cee5fa694435 42,58,63,148
cmd/experimental/kueue-priority-booster/test/integration/suite_test.go
  h_47cee5fa694435 34,51
test/performance/scheduler/runner/controller/controller.go
  h_47cee5fa694435 46,164
test/e2e/singlecluster/baseline/hierarchical_cohort_test.go
  h_47cee5fa694435 31,41,43,47-49,71,76,84,87,91-96,104,107,117,122,125,131,138
test/integration/singlecluster/controller/jobframework/setup/suite_test.go
  h_47cee5fa694435 33,44
test/integration/singlecluster/tas/tas_workload_slice_refill_test.go
  h_47cee5fa694435 35,63,76,79,84,90-91,94,98-102,104,128-129,132-133,145,147-149,161,165,169,188
test/integration/singlecluster/controller/jobs/xgboostjob/xgboostjob_controller_test.go
  h_47cee5fa694435 46,57,59,70,73,116,120,125,128,277,280,283,290,293-296,302,348,363,366,371,376-377,380,384-387,389,416,443,447-448,468
test/integration/singlecluster/controller/core/workload_accounting_restart_test.go
  h_47cee5fa694435 32,58,60,64,69-70,72-73,78-87,100,110,113,120,127-128,131-132,140-142,154,159,172,177,192,202,207
test/integration/singlecluster/kueuectl/suite_test.go
  h_47cee5fa694435 42,57,62,98
test/integration/singlecluster/scheduler/inadmissible/requeueing_test.go
  h_47cee5fa694435 29,41,43,47-48,59-60,69,72,77,80-83,94,99-102,112,114,120,125,128-131,142,147-150
test/integration/multikueue/helpers_test.go
  h_47cee5fa694435 44,71,77,86,88-89,93,103-105,111,119,130,148,167,190,203-204,209,214,220,232,234-235,275-277,286,289,292,295,298,304,307,313,316,319,323,325,328,332,334,341-355
test/integration/singlecluster/controller/jobs/statefulset/suite_test.go
  h_47cee5fa694435 46,58,63,88
test/e2e/multikueue/extended/leaderworkerset_test.go
  h_47cee5fa694435 36,55,65,80,91,98,106,119,123-124,133,146,156,176,179,187,194,208,212-213,222
test/e2e/singlecluster/baseline/suite_test.go
  h_47cee5fa694435 34,46,50,54,57,59-60,62,67,70-71
test/integration/multikueue/scheduler/scheduler_test.go
  h_47cee5fa694435 44,93-95,110,119,122,125,128,134,137,140,143,158,161,164,178,181,184,198,201,205-221,231,242,249,251,263,270,279,286,294,304,310,317,329,336,338,346,353,364,375,382,384,396,403,412,419,427,437,443,450,462,469,471,479,486,497,508,515,517,526,530,545,549,558,567,574,577,590,607,617,626,637,647,656,666,676,704,718,737
test/integration/singlecluster/controller/core/admissioncheck_controller_test.go
  h_47cee5fa694435 29,37,41,55,58,61,64,69-70,80,83,88,96,100,111,115,125,128,133,135-136
test/integration/multikueue/appwrapper_test.go
  h_47cee5fa694435 37,70,85,90,100
test/integration/singlecluster/controller/dynamicquotaorchestrator/suite_test.go
  h_47cee5fa694435 34,45
test/integration/singlecluster/webhook/core/suite_test.go
  h_47cee5fa694435 37,48,53,70
test/integration/singlecluster/scheduler/resourcetransformations/resource_transformations_test.go
  h_47cee5fa694435 31,91,93,107,110,114-116,131,134,150,160,162,177,187,189,198,200,210,219,221,238,241,264,303,306,309,312,327,330,334-338,375,381,386-387,393,397,409-410,414
test/integration/singlecluster/scheduler/excluderesources/suite_test.go
  h_47cee5fa694435 44,55,60,94
test/integration/singlecluster/controller/admissionchecks/provisioning/provisioning_test.go
  h_47cee5fa694435 52,97,100,107,113,116,124-125,128-129,149,172-177,184,203,213,219,225,231,258,272,279,285,307,311,323,327,333,339,346,348,354,360,372,384,387,404,408,429,441,448-449,455,464-465,474,486,489,501,508-509,515,525,527,537,549,556-557,563,573,575,584,596,600,606,608,612,620-621,623,630,642,647-648,662,669-670,676,682,705,718,728,740,750,756,760,771,777,789,793,813-814,820,826,832,838,857,859,865,868,876-877,880-881,898,916-920,926,942,950,954,960,976,984,988,998,1008,1026,1033,1037,1048,1064,1068,1074,1090,1098,1102,1112,1122,1140,1147,1151,1162,1178,1195-1196,1206-1207,1213,1229,1237,1241,1251,1269,1276,1280,1291,1307,1311,1331,1334,1340,1343,1350-1351,1354-1355,1365,1377-1381,1386,1402,1410,1414,1424,1434,1438,1449,1461,1469,1473,1483,1493,1497,1507,1528,1534,1540,1543,1551-1552,1555-1556,1575,1599-1603,1608,1614,1634,1642,1671,1674,1680,1683,1690-1691,1694-1695,1699-1703,1724,1732,1752,1754,1771,1790,1801,1805,1809,1828,1839,1886,1889,1891,1894,1897,1903,1909,1913-1921,1944-1945,1948-1949,1959,1961,1969,1986,1997,2009,2016,2025,2027,2035,2042,2054,2061,2086-2087,2090-2091,2099,2101,2109,2121,2132,2144,2151,2160,2162,2170,2177,2188,2200,2207,2211,2218,2243-2244,2247-2248,2257,2259,2267,2280,2291,2303,2310,2319,2321,2336,2362-2363,2366-2367,2380,2382,2393,2416,2423,2431,2452,2465,2473,2491,2504,2516,2533,2540,2547,2558,2566,2574
test/integration/singlecluster/webhook/core/localqueue_test.go
  h_47cee5fa694435 30,38,41,53,61,68,77,82,90,95,103
test/integration/singlecluster/webhook/jobs/leaderworkerset_webhook_test.go
  h_47cee5fa694435 33,44,47,58,69,79,90,101,109,135,159,207,215,227,235,253,274,288,298
test/e2e/singlecluster/baseline/pod_test.go
  h_47cee5fa694435 42,53,56,59-61,81,84,87-89,94,100,108,111,124,126,131,133,139,147,155,159,164,167,184,191,195,203,211,220,235,237,244,249-250,258,261,263,266,279,281,284,299,309,317,328,340-341,352,358,364,370,381,389,393,397,399,415,421,434,442,446,456,464,470,474,476,486,495-496,508,518,524,529,538,548,553,560,566,573,600,609,612,623,626
test/integration/singlecluster/controller/jobs/sparkapplication/sparkapplication_controller_test.go
  h_47cee5fa694435 45,55,57,68,71,107,111,116,119,232,235,238,251,255-258,264,273,279,283-284,290,296,302,310,318,325,328,334,341,349,356,363,390,405,408,413,421-422,425,429-432,434,449,474,478-479,499
test/integration/singlecluster/controller/jobs/job/job_controller_tas_replacement_test.go
  h_47cee5fa694435 39,54,66,68,71,74,76,80-85,87,100,112,117-119,123,128,139,151,163,167,171,175,188,200,204-206,209,213
test/e2e/singlecluster/tasapi/extended/trainjob_test.go
  h_47cee5fa694435 36,42,45-46,58,62,71,74,77-78,80-85,97-98,116-117,123,131,141,167-168,188-189,195,203,213,239-240,259-260,266,274,284
test/integration/singlecluster/controller/admissionchecks/provisioning/suite_test.go
  h_47cee5fa694435 43,54,60,62,111
test/integration/singlecluster/controller/jobs/rayservice/suite_test.go
  h_47cee5fa694435 43,54,59,78
test/integration/multikueue/external_job_test.go
  h_47cee5fa694435 49,93,171,176,181,196,201,206,211,216,222,229,235,240,243,247,250,254,258,260,262,264-269,275-277,283,302,307,326,332,348,373,390,406,411,430,436,452,466,488,494,504,507-508,511,531,537,542,545,560,565,572,577,582,593,606
test/e2e/singlecluster/tasapi/extended/suite_test.go
  h_47cee5fa694435 31,40,44,47,52,55,58,61,64,67,70,73,96
test/integration/singlecluster/controller/core/clusterqueue_controller_test.go
  h_47cee5fa694435 46,94,98,115-116,134,136,140-145,165-168,169,170-173,174,175-178,183,200-201,203-206,210-211,216,218,220,222,246,248,300-305,308-309,313-316,321,341-346,349-352,356,371-376,384,404-405,407-410,432-437,447,454,457,460,465,471,473,475,477,492-494,521,524-525,556-557,560-562,593-594,599-601,631-632,636-640,666,668,670,674-680,685-686,689-690,704-705,709,720-721,725,736-737,742,745,759-760,764-765,776-777,781,792-793,796,807-808,813,816,819-820,823-824,838-839,851,863-864,871,882,894-895,909,913-914,923,927-930,944-945,953,966-967,975,988-989,1005-1006,1016,1018,1021,1025-1027,1040-1042,1058,1062-1063,1075-1076,1080,1084-1085,1098,1113,1116,1123-1124,1128-1131,1135,1139-1141,1145,1153,1156,1161,1164-1165,1168,1173,1176,1179,1183-1184,1191,1198-1199,1206,1216,1219-1220,1224,1227,1235,1238-1239,1243-1245,1249,1255,1258,1262-1263,1267,1275,1277,1282,1285,1288,1299,1303,1315,1341,1346,1358,1365,1387,1392,1396-1397,1417,1435,1441
  h_47cee5fa694435 169,174
test/integration/singlecluster/scheduler/fairsharing/fair_sharing_test.go
  h_47cee5fa694435 43,60,66-67,71-72,83,103,105,107,109,114,117,119,121,124,126-128,164-168,171,175-178,184-186,189-191,194-196,199-201,203-207,210,213-219,227,240,242,292-296,302,305-309,313-317,320-324,333,373-374,376-378,384-385,389-391,394,397-398,401-404,443,454,460,463,469,472,475,481-483,492,512,517,525,532,559,564,572,579,635,638,645-646,649,696-699,741-744,754-755,767-770,865-866,869,928,934,937-940,955,961,967,970-973,981,987,993,996-999,1007,1014,1020,1023-1026,1079,1085,1091,1094-1095,1097-1098,1105,1116,1122,1133,1141,1144,1147-1150,1157,1163,1169,1172,1175,1178,1181-1184,1202,1217-1219,1228,1239,1250,1257,1260-1261,1270-1271,1276,1280,1283-1284,1287,1290,1299-1300,1307,1311,1314-1316,1319,1322,1329-1330,1337,1341,1344-1346,1349,1352,1355,1358,1361-1362,1370,1373,1379,1383,1386,1392,1405-1406,1413,1419,1426,1428-1429,1438,1443,1446-1447,1452,1461,1466,1471,1473-1474,1483,1488,1491,1496,1505,1512,1515-1516,1519,1525,1561,1565-1567,1595,1602,1639-1641,1643-1644,1649-1651,1653-1654,1666,1675,1695,1715,1717,1722,1725,1727,1729,1732,1734,1755,1768,1783-1785,1793-1795,1798,1805,1808-1809,1816-1817,1840,1846,1855-1857,1864,1869,1878,1881,1884-1885,1901,1907,1909,1915-1916,1919,1943,1957,1965,1978-1979,1983-1984,1989,2002,2011,2033,2044,2046,2051,2054,2056,2058,2061,2063,2081,2088,2096-2098
test/integration/singlecluster/controller/jobs/sparkapplication/suite_test.go
  h_47cee5fa694435 44,55,62,102
test/integration/singlecluster/webhook/core/preemptionconfig_test.go
  h_47cee5fa694435 27,77,98,100
test/e2e/singlecluster/extended/mpijob_test.go
  h_47cee5fa694435 31,38,41-42,56,62,64,68-72,82-83,88-89,97,103,121,124,140,142,146-151,161-162,167-168,176,184,200,207
test/integration/singlecluster/scheduler/inadmissible/equivalence_test.go
  h_47cee5fa694435 29,41,43,47-48,56,65,68,72,79,82,85-86,98,101,103,105,110,114,123,126,129,133,147,150,156-157,161,167-168
test/integration/singlecluster/scheduler/fairsharing/refill_test.go
  h_47cee5fa694435 28,55-56,63-64,71-72,75,77,81-85,97,100-101,108,111,114,117,121-122,127,132,136,143
test/integration/singlecluster/scheduler/quotacheckstrategy/suite_test.go
  h_47cee5fa694435 40,52,57,81
test/integration/singlecluster/controller/jobs/pod/deployment_job_uid_test.go
  h_47cee5fa694435 50,67,114,118,130,145,162,177,196,210
test/e2e/multikueue/extended/jobset_test.go
  h_47cee5fa694435 36,62,64,73,79,94,98-99,111-112,116-117,129
test/integration/singlecluster/controller/core/localqueue_controller_test.go
  h_47cee5fa694435 33,80,85,87,97,101-102,104,106,123-124,127,142-143,147,149,165-166,182-183,189,193-195,197-200,203,205,207,236,256-257,259-262,264,268,309-310,312-315,317,321,341-342,344-347,349-351,354,370-371,373-376,382,387,418,438-439,465,485-486,491,511-512,523,537-538,569,572,574,586,590,594,596,598,608,614,621,624,633,639,646,649,660,663,672,678,685,689-690,701,705-706
test/util/behavioral/e2e.go
  h_47cee5fa694435 1-876
test/integration/singlecluster/scheduler/scheduler_rf_spec_fields_test.go
  h_47cee5fa694435 27,45,50,57,62,66-70,91,102-103,109,114-115,134,139,146,151,155-159,176,187-188,196,201-202
test/integration/singlecluster/webhook/core/multikueue_config_test.go
  h_47cee5fa694435 30,50
test/integration/singlecluster/webhook/jobs/rayservice_webhook_test.go
  h_47cee5fa694435 32,41,45,59,88,143
test/e2e/multikueue/extended/mpijob_test.go
  h_47cee5fa694435 30,54-55,61-62,72,77,90-91,99-100
test/integration/singlecluster/scheduler/resourcetransformations/suite_test.go
  h_47cee5fa694435 40,51,56,83
test/integration/multikueue/elasticjob_test.go
  h_47cee5fa694435 45,100,111,114,123,125-126,130,136,142,153,159,171,183,190,200,208-210,219-220,233,244,249-250,254,260,272,284,291,303,348,375,389,394,401,408,416,423,439-440,454,462,504,515,518,524,526-527,531,534,547,553,563,570,578,584-586,590,593-594,602,614,621,632
test/e2e/multikueue/baseline/tas_test.go
  h_47cee5fa694435 40,58,69,100-102,105,108,111,118,121,128,140,143,146,152,162,165,168,174,184,187,191-193,194,195-197,198,199-201,202,203-209,210,211-213,225,232,237,258-259,282,286,288,290,298,302-303,324,328,333,351-352,360,362,364,373,410-412,415,418,421,428,434,440,443,446,449,456,468,471,482,485,496,499,516-518,519,520-522,523,524-526,527,528-534,535,536-538,547,550,556,568-569,576,579-580,598,601,617,635,637,639,647,650-651
  h_47cee5fa694435 194,198,202,210,519,523,527,535
test/e2e/singlecluster/baseline/prometheus_test.go
  h_47cee5fa694435 30,40,52,56,58,62,64,76,78,85,95,97,99,111
test/integration/singlecluster/controller/jobs/rayclusterwebhook/elastic_partial_scaleup_test.go
  h_47cee5fa694435 37,52,76,79,84,87,90-93,106,115,144,153,177,187,194,209,216,238,247,282,285,290,293,296-299,312,321
cmd/experimental/kueue-populator/test/integration/suite_test.go
  h_47cee5fa694435 39,90
test/integration/multikueue/dra_test.go
  h_47cee5fa694435 39,78-80,89,92,95,98,101,107,110,116,119,122,125,128,131,135-147,156,161,166,180,190,198,200-201,208,212,221,251,256,265,279,289,296,303
test/integration/singlecluster/webhook/jobs/paddlejob_webhook_test.go
  h_47cee5fa694435 29,36,40
test/e2e/singlecluster/extended/pytorchjob_test.go
  h_47cee5fa694435 32,47,53,66,69,72-76,86,93,118,131,136,138,142,146
test/integration/singlecluster/controller/jobs/pytorchjob/suite_test.go
  h_47cee5fa694435 43,54,59,99
test/integration/singlecluster/kueuectl/list_test.go
  h_47cee5fa694435 37,44,48,61,64,67,93,95,97,188,190,193,198,233,236,238,242-243,297,300,303,352-353,356-357,360-361,364,426,429,433-434
test/integration/singlecluster/controller/core/workload_hash_freshness_test.go
  h_47cee5fa694435 31,52,54,56,69-70,72-73,77,81-85,98,106,127,153-154,156,162-163,165,167-168,170,172,177-182,194-195,199
test/e2e/singlecluster/extended/kuberay_autoscaling_test.go
  h_47cee5fa694435 35,52,80,96,101,105-108,121,163,176,183,190,194,203,212,221
test/integration/singlecluster/scheduler/workload_controller_test.go
  h_47cee5fa694435 41,64,89,92,95-96,99-100,103-104,116,119,123-130,141,148,165,175,180,184,191,194,200,202,205-208,218,224,241,248,255,257,260-262,272,278,295,303-304,310,312,315-317,325,331,350,365,371,390,403,409,413-415,424,426,432,449,469-470,476,493,506,512,516-518,524,529-530,547,561,563,573-574,597,601,615,625-626,632,634,637-640,650,656,666,672,687,707,715-716,722,724,727-729,737,743,751,757,772,792,809,815,828-831,850,859-860,866,868,885,887-889,900,923,947,952,955,959-962,976,989,991,998-999,1016,1022,1025,1029-1033,1042-1043,1050-1051,1058,1067,1076-1077,1085,1092-1093,1106,1117
test/integration/multikueue/trainingoperator_test.go
  h_47cee5fa694435 43,92,119,136,151,176,199,212,227,252,276,290,305,335,362,386,400,415
test/e2e/singlecluster/baseline/metrics_test.go
  h_47cee5fa694435 34,54,57,74,78,81,84,91-95,115,121,130,134-135,139,173,177-178,205,228,232,246,263,265,277,283,287,291,299,303-304,312-313,323,327-330,334,398,408,411,415,419,430,432,436,440,451,453,457,462,473,475,479,484,488,493,497-507,521,527-528,538,544,547,571,575-584,588
test/e2e/singlecluster/tasapi/extended/rayjob_test.go
  h_47cee5fa694435 34,47,50,56,67,70,73-78,89,181,187,198,208,212
test/e2e/multikueue/dra/dra_test.go
  h_47cee5fa694435 38,66-68,71,74,77,83,86,97,100,103,113,116,119,129,132,136-138,139,140-141,142,143-144,145,146-151,152,153-155,164,166,169,171,174,176,182,186,193,219-220,241,244,246,248,256,259-260,271,277,279,285,289,300,306,314,316,319,321,329,333,346-347,364,367-368,375,395,397,406,410,417,422,425,432,444,447,449,451,459
  h_47cee5fa694435 139,142,145,152
test/e2e/singlecluster/baseline/tas_test.go
  h_47cee5fa694435 36,43,46-47,59,63,72,75,78,80-84,93,95,104,109,133,147,154,163,166,169,171-175,181,188,203,213,228,235,243,263,273,288
test/integration/singlecluster/controller/jobs/rayjob/rayjob_controller_partial_scaleup_test.go
  h_47cee5fa694435 33,59,74,77,88,91,94-97,112,116,119,126,133,139,143
test/integration/multikueue/enabled_integration_test.go
  h_47cee5fa694435 45,76-77,95,98,104,107,110,112,116-124,140,148-149,156,158,165,199,209-210,215,244,248
test/integration/singlecluster/webhook/jobs/trainjob_webhook_test.go
  h_47cee5fa694435 33,53,56,78-79,89,114-115,123,144-145,153
test/integration/singlecluster/scheduler/fairsharing/metrics_test.go
  h_47cee5fa694435 33,53-54,59,65,69,75,106,108,110,112,117,120,122,124,127,129-131,133,149-150,152,161,163-164,166,188-189,191-193,224-225,246,249-252,254-255,257-263,276-277,279-282,284,298-301,304-309,311,315,318-321,323-326,329-330,342,345-346,348-351,353-356,360,363-364,367-370,373-374,376,400,402-403,406-409,430-431,433-434,436-437,450-451,453,462,465-466,469-470,472-474,483,486-487,490-491,493-496,518-520,530,539,541-545,560-561,569,573-575,648-649,651-653,655-657,669,671,676-677,679-681,683-685,755-756,758-761,763-765,804-809,814,819-823,825,830,836,842,847-852,891-896,901,907,912-917,922,927-932,937,942-947,976-979,984,990,995-998,1003,1008-1011,1080-1089,1098,1102-1109,1112-1113,1159-1161,1163-1165,1173,1175-1176,1184,1190,1192-1193,1201,1203-1204,1208,1210-1211,1215,1217-1219,1228,1231-1233
test/e2e/singlecluster/baseline/statefulset_test.go
  h_47cee5fa694435 37,52,60,72,75,78-81,87,93,101,112,118,125,137,141,145-146,150,154-155,161,168,177,184,186,196,198,206,212,219,229,243,251,258,264,271,282,290,301,308,318,332,341,350,358,364,371,381,389,396,413,421,430,439,447,458,469,477,485,489,495,502,510,514,522,534,549,554,558-559,564,573,581,591,598,602,611,619,627,636,643,651,659,676,686,694,703,711,719,727,735,747,751,761,768,778,786,795,802,812,821,833,841
test/integration/singlecluster/controller/jobs/rayclusterwebhook/suite_test.go
  h_47cee5fa694435 56,67,72,76,101
test/e2e/singlecluster/extended/leaderworkerset_test.go
  h_47cee5fa694435 41,56,62,74,77,80-84,90,99,109,114,119,129,133,139,147,157,162,166,176,180,186,195,205,210,215,219,229,233-234,241,251,261,265,275,283,291,297,307,311-312,322,332,342,346,348,352,362,370,386,390,400,404-405,415,435,439,449,457,465,477,481,491,495,505,516-517,533,543,548,553,557,567,571-572,581,591-592,607,617,624,626,628,639,641,650,655,660,664,674,678-679,691,708,718,724,731,733,739,753,770,777,779,785,791,801,804,807,816,825,840,844,854,858,865,875-876,895,898,901,911,926,935,946,961,971,979,983,993,997,1007,1011,1020,1029,1038,1047,1055,1059,1066,1081,1086,1090-1091,1096,1105,1114,1118,1121,1128,1132,1141,1150,1160,1164,1167,1174,1182,1188,1197,1210,1212,1216,1219,1226,1230,1239,1243,1246,1255,1259,1267,1280,1285,1287,1294,1302,1312,1321,1326,1354,1362,1378,1391,1397,1407,1416,1421,1453,1475,1488,1496,1515,1519,1531,1541,1556,1564,1572,1582,1590,1594,1604,1608
test/util/behavioral/metrics.go
  h_47cee5fa694435 1-494
test/util/behavioral/util_scheduling.go
  h_47cee5fa694435 1-69
test/e2e/multikueue/extended/e2e_test.go
  h_47cee5fa694435 28,75-77,80,83,86,93,97,101,104,122,125,128,131,134,150,153,156,159,162,178,181,205-207,208,209-211,212,213-216,217,218-221,222,223-230,231,232-234
  h_47cee5fa694435 208,212,217,222,231
test/integration/singlecluster/controller/jobs/jobset/jobset_controller_test.go
  h_47cee5fa694435 53,66,68,78,81,99,101,103,105,109-111,118,136,142,149,154,164,174,181,198-199,207,210,221,225,231,253-254,258,275,295,304,322,326,335-336,343,353,359,361,368,375,383,387,411,416,443,464-465,473,489-490,495,497,499,505-508,539,546,553,597,599,618-619,626,656,660-661,668,702,705,724,733,745,773,777,785,788,810,820,836-837,844,847,862-863,873-874,881-882,1021,1024,1027,1034,1037-1040,1046,1065,1071,1075-1076,1082,1104,1109-1111,1134,1139-1141,1173,1179-1181,1209,1224,1227,1232,1237-1238,1241-1242,1246-1249,1251,1267-1268,1278-1279,1286,1320,1324-1325,1345,1380,1394,1401,1418,1430,1436,1438,1455,1459,1477
test/e2e/singlecluster/extended/kuberay_test.go
  h_47cee5fa694435 52,82,88,95,111,132,135,138-141,145,187,191,200,212,221,226,328,337,347,353,356,363,366,372,375,380,390,396,405,410,522,531,544,549,552,559,562,567,570,579,588,593,619,623,639,650,655,678,682,692,697,725,729,760,774,779,868,872,882,889,902,923,948-949,958,967,977,985,995,1000,1107,1122,1129,1132,1147,1158,1162
test/integration/multikueue/dispatcher_test.go
  h_47cee5fa694435 42,81-83,110,113,119,122,125,127,130,132,136-148,156,165,173,176,181,188,191,199,205,211,213,221,260-262,289,292,298,301,304,306,309,311,315-327,335,344,354,361,365,377,384,391,395,403,405,411,418,421,429,435,441,443,451,461,469,489,495,502,506,516,527,534,581-583,610,613,619,622,625,627,630,632,636-648,656,665,673,676,681,688,691,703,709,711-712,720,726,730,738,750,756,758-759,795-797,824,827,833,836,839,842,846-858,884,900,907,910,917,928,936
test/integration/singlecluster/kueuectl/passthrough_test.go
  h_47cee5fa694435 34,72,75,81,126
test/integration/singlecluster/scheduler/scheduler_nodetaints_test.go
  h_47cee5fa694435 27,45,50,57,62,66-70,86,97-98,105-106,110
test/integration/singlecluster/controller/jobs/raycluster/raycluster_controller_partial_scaleup_test.go
  h_47cee5fa694435 37,71,81,96,99,114,117,120-123,141,144,147,161,169,173,181,185,203,211,214,217,228,230,233,236,263-266,280,283-285,309-312,324,327,335-336,353-356,366,369,376,396-397,409,411,417,429,436,439,444,460-462,466,468,472,474,481,488,491,499,502,506,508,515,518,533-535,539,541,545,547,557,564,567,571-572,575,578,582,584,603-605,609-610,614,616,623,630,633,642,645,653-654,673-675,679-680,684,686,693,700,703,715,718
test/integration/singlecluster/controller/jobs/leaderworkerset/suite_test.go
  h_47cee5fa694435 47,59,64-65,91
test/e2e/dra/capacity/suite_test.go
  h_47cee5fa694435 29,30,39,43,46,51,53
test/integration/singlecluster/controller/jobs/tfjob/tfjob_controller_test.go
  h_47cee5fa694435 46,57,59,70,73,121,125,130,133,288,291,294,301,304-307,313,365,380,383,388,393-394,397,401-404,406,441,476,480-481,507
test/e2e/singlecluster/tasapi/baseline/hotswap_test.go
  h_47cee5fa694435 40,43,46,49-50,69,73,82,85,100,102,107,111-117,128,138,144,159,192,202,208,224,264,275,281,297,323,349,365,371,388,414,448,458,464,479,498,519,533,553,570,600,609,615,632,657,694,720
test/util/behavioral/events.go
  h_47cee5fa694435 1-64
test/integration/multikueue/provisioning_test.go
  h_47cee5fa694435 40,84-86,111,122,125,137,148,151,163,174,177,181-199,226,233,244,262,266,270,278,286,321,329,340,346,364,371,377,381
test/e2e/multikueue/extended/suite_test.go
  h_47cee5fa694435 34,42,62,67,73,79-81,86-88,92-94,98-99,103-105,109-111,115-117,145,147,149,152-154,159,162,164,166,171-175
test/util/behavioral/kuberay.go
  h_47cee5fa694435 1-166
test/integration/singlecluster/controller/dra/dra_pd_test.go
  h_47cee5fa694435 36,96,104-107,160,209,256,302,363,409,441,464,514,548,584,668,680-685,704,716,735,762-763,775
test/integration/singlecluster/kueuectl/stop_test.go
  h_47cee5fa694435 35,44,48,55,63,80,91,99,116,136,144,161,173,177,185,202,220,224,232,249
test/integration/singlecluster/scheduler/delayedadmission/suite_test.go
  h_47cee5fa694435 40,51,56,79
test/integration/singlecluster/webhook/jobs/jobset_webhook_test.go
  h_47cee5fa694435 28,35,38,85-86
test/integration/singlecluster/webhook/core/cohort_test.go
  h_47cee5fa694435 33,48,354,359,366,370,377,394,398,428
test/integration/singlecluster/webhook/core/multikueue_cluster_test.go
  h_47cee5fa694435 34,53,55,112,114
test/e2e/singlecluster/tasapi/extended/pytorch_test.go
  h_47cee5fa694435 33,46,49,55,65,68,71-76,98-99,108-109,115,121,129,139
test/integration/singlecluster/controller/jobs/trainjob/suite_test.go
  h_47cee5fa694435 44,55,60-61,107
test/integration/singlecluster/scheduler/configurablepreemptions/suite_test.go
  h_47cee5fa694435 46,64,73,98
test/integration/multikueue/tas/suite_test.go
  h_47cee5fa694435 53,72,92,98,100,129,247
test/integration/singlecluster/scheduler/scheduler_dynamicquota_test.go
  h_47cee5fa694435 30,47,50,57,62,69-70,72,74,76,79,81-82,92-93,101,109-110,118-119,131-132,144-145,158-159,171-172,179,187-188,196-197,208,214,224-225,234,250-251,263-264,275,280,299-300,304-305,313-314,328-329,335,343,351,361,364,372,380,391,400
test/integration/singlecluster/controller/core/workload_backoff_accounting_test.go
  h_47cee5fa694435 36,50,52,55,58-59,61-62,66-70,83-86,92,101-102,109,113,122,126,130-131
test/integration/singlecluster/webhook/jobs/pytorchjob_webhook_test.go
  h_47cee5fa694435 29,36,40
test/integration/singlecluster/webhook/jobs/mpijob_webhook_test.go
  h_47cee5fa694435 27,35,38
test/integration/singlecluster/webhook/core/workload_test.go
  h_47cee5fa694435 42,55,59,77,112,116,415,419-420,423,525,529,531,586,603-604,607,614,626,633,635-636,643,1102-1103,1111,1124-1125,1133,1139,1142-1143,1153,1169,1173,1184,1193,1197,1208,1214-1215,1225,1236-1237,1239,1248,1259,1261,1263,1282,1293,1295,1306,1308,1320,1330,1334,1341,1352,1363,1367,1374,1394,1405,1409,1412,1419,1426,1433,1441,1445,1456-1457,1460,1469,1476,1483,1546,1549,1560-1561,1564,1573,1580,1587,1667,1679,1692,1702,1706,1726,1846,1850,1858,1862,1908,1913,1941,1950,1960,1962,1971,1978,2005,2014,2075
test/integration/singlecluster/controller/failurerecovery/suite_test.go
  h_47cee5fa694435 36,47
test/integration/singlecluster/webhook/jobs/deployment_webhook_test.go
  h_47cee5fa694435 34,54,57,67,80,92,103,120,133,142,153,162,176,188,199,215,234,248,258
test/integration/singlecluster/webhook/jobs/job_webhook_test.go
  h_47cee5fa694435 38,57,61-62,66-67,80,87,92,99,104,106,110,118,125,127,131,138,143,159,162,168,175,180,187,192,209,231,249,264,270,277,290,292,296,304,314,319,325,334,345,348
test/e2e/singlecluster/extended/suite_test.go
  h_47cee5fa694435 28,29,40,44,47,49,55,58,61,64,67,70,73,76
test/integration/multikueue/jobs_test.go
  h_47cee5fa694435 49,74,78,87,95,97-98,105,107,113,121,123,156,184,188-190,207,212,223,239,243-245,262,267,278,287,296,304,306-307,314,316,322,330,338,350,357,391,411,422,430,432-433,436,442,446,449,458,462,466,472,476,480,488,497,505,516,524,526-527,530,533,537,564,571,577,585,607,618,632,638,645,656,677,682,691,699,701-702,709,711,717,725,727,734,736,755-756,763,772,774-775,782,784,790,810-811,845,849-852,873,885,907,933,940,953,959
test/e2e/multikueue/extended/kuberay_test.go
  h_47cee5fa694435 43,76,90,95,103-104,112-113,118,130,135,145,150,166,177,189,198,206,215,223,239,321-323,327,332,341,368,377,386,409-410,415,423,438,449,454,464,468,476,492,494,499
test/e2e/sequential/baseline/podintegrationautoenablement_test.go
  h_47cee5fa694435 35,38,47,51,61,63,69,72,76-79,84,90,98,110,118,124,128,135,145
test/e2e/singlecluster/baseline/kueuectl_test.go
  h_47cee5fa694435 30,42,45,48-50
test/integration/singlecluster/scheduler/podsready/suite_test.go
  h_47cee5fa694435 40,51,56,98
test/integration/multikueue/kuberay_test.go
  h_47cee5fa694435 47,86,88,97,106,111,122,151,160,169,179,185,194,218,225-226,230-232,241,245,269,286,288,297,308,314,333,335,345,354,361
test/e2e/sequential/baseline/quota_check_strategy_test.go
  h_47cee5fa694435 34,37,45,58,71,75-76,89,105,109,112,115,122,126-129,136,141,147,155,162,176,182,186-188,194-195,203,206,208,217,220,222,231
test/integration/singlecluster/controller/jobs/appwrapper/appwrapper_controller_test.go
  h_47cee5fa694435 54,67,69,73,77,85,88,106,108,110,112,116-118,134,140,147,152,162,172,179,196-197,205,208,213,229,238,254,258,267-268,275,287,293,295,302,309,321,325,341-342,347,349,351,357-360,381,388,395,439,441,460-461,468,496,500-501,508,531,534,549,558,570,598,602,610,613,631,641,657-658,665,668,683-684,694-695,702-703,830,833,836,843,846-849,855,872,878,882-883,911,925,928,933,938-939,942,946-949,951,968,985,989-990,1006
test/e2e/multikueue/extended/appwrapper_test.go
  h_47cee5fa694435 33,58,68,73,81,85-86,90,96-97
test/integration/singlecluster/webhook/core/clusterqueue_test.go
  h_47cee5fa694435 35,53,56,62,64,158,161,169,178,181,189,196,623,627,657
test/integration/singlecluster/scheduler/fairsharing/suite_test.go
  h_47cee5fa694435 44,56,63,107
test/integration/singlecluster/controller/jobs/rayservice/rayservice_controller_partial_scaleup_test.go
  h_47cee5fa694435 35,66,81,85,88,99,102,105-109,136-139,147,158-159,162,188-191,196,199-200,226-229,234,237,240-241
test/integration/singlecluster/controller/jobs/appwrapper/suite_test.go
  h_47cee5fa694435 43,54,59,99
test/integration/singlecluster/controller/jobs/pytorchjob/pytorchjob_controller_test.go
  h_47cee5fa694435 49,61,63,74,77,116,119,127,136,143,157-158,163,165,167,173-176,190,197,204,239,241,263-264,271,295,299-300,307,340,344,349,352,503,506,509,516,519-522,528,573,580,587,594,601,605,611-612,619,648,663,666,671,676-677,680,684-687,689,716,743,747-748,768
test/e2e/dra/counter/suite_test.go
  h_47cee5fa694435 29,30,39,43,46,51,53
test/e2e/singlecluster/baseline/preemptionconfig_rbac_test.go
  h_47cee5fa694435 28,52,100,102,145,181,185,188,192,240
test/e2e/singlecluster/baseline/deployment_test.go
  h_47cee5fa694435 33,48,56,68,71,74-77,82,90,98,120,125,132,140,150,166,175,183,191,196,207,211,216
test/e2e/multikueue/extended/ray_autoscaling_test.go
  h_47cee5fa694435 43,132-133,138,146,162,167,174,178,184,188,194,198,204,238,248-249,263,266,268,283,293,297,300,308,323,327,330,337,352,356,363,378,414-415,420,428,444,448,451,459,479,488,492,495,502,522,531,535,542,562,571,608-609,614,622,632,635,646,664,675,683,699-700,708,731,733
test/util/behavioral/multikueue.go
  h_47cee5fa694435 1-348
test/integration/singlecluster/webhook/core/dynamicquotaorchestrator_test.go
  h_47cee5fa694435 31,53,115,117,129,131
test/integration/singlecluster/controller/jobs/leaderworkerset/leaderworkerset_controller_test.go
  h_47cee5fa694435 44,60,63,70,73,77-79,92,98,108,113-114,117,122,134-135,147,153,159,165,176,183,195,201,207,213,223,230,234,246,254,265,271,277
test/integration/singlecluster/controller/core/resourceflavor_controller_test.go
  h_47cee5fa694435 27,35,39,53-54,57,62-63,68,73,82,86,93,95,99,105,108-109
test/e2e/singlecluster/wasapi/suite_test.go
  h_47cee5fa694435 28,29,39,43,46,51
test/integration/singlecluster/controller/dra/dra_test.go
  h_47cee5fa694435 39,82,90,92-95,128,152,169,172,199,251,271,307,316,352,360,363-365,368,376,428,448,478,518,547,594,632,642,650,661,674,683,691,702,716,754,797,834,871,941,949-952,974,1012,1030,1038-1040,1059,1082,1091,1129,1148,1156-1158,1183,1223,1231-1233,1253,1282,1290-1292,1315,1338,1354,1401,1409-1411,1423,1431,1444,1459,1467,1481,1504,1507,1516,1537,1546,1549,1559,1583,1586,1589,1600,1612,1623,1631,1641,1653,1667,1676,1684,1694,1702,1713,1721,1731,1774,1786-1790,1809,1825,1852-1853,1865
test/e2e/singlecluster/extended/appwrapper_test.go
  h_47cee5fa694435 35,50,58,70,73,76-79,91,98,106,114,118,130,144,152,162,170
test/e2e/multikueue/baseline/suite_test.go
  h_47cee5fa694435 34,42,62,67,73,79-81,108,110,112,115-117,122,125,127,129,134-138
test/integration/singlecluster/tas/tas_test.go
  h_47cee5fa694435 59,88,93,107,110,183,198-200,206,210,219,222,230,237,246,257,286,290,365,368,374,381,386,390-395,417,422-423,427,431-432,437-439,443-444,448,452-453,483,486,493,500,505,509-514,532,538-539,546-547,551,558-559,566-567,571,611,616,622,629,634,638-642,644,674,683,690,697-698,712-713,719,723,730-731,737,742-743,750-752,760-762,768,773-775,783,797,799,810-811,817,827,838-839,856-857,863,871,876-877,893-894,906,912,930,938,943-944,949-950,959-960,1000,1003,1009,1015,1022,1029,1037,1041-1048,1050,1070,1084,1090-1091,1097-1098,1106,1111,1119-1120,1127-1128,1134-1135,1148-1149,1158-1159,1186,1189,1194,1199-1200,1203,1208-1210,1212,1226,1234,1237-1238,1242,1249,1251,1255-1256,1270,1278,1282,1286,1290,1294-1295,1306,1314,1318-1319,1331,1335,1347,1355,1359-1360,1375,1383,1386-1387,1391,1403,1410,1418,1434,1439,1447,1451-1453,1465,1471,1535,1538,1543,1548,1551,1555-1560,1562,1572,1574-1575,1582,1584-1585,1588,1591,1593-1594,1604,1608,1621,1625-1626,1663,1667-1668,1698,1702-1703,1733-1734,1738-1739,1743-1744,1778,1782-1783,1792,1796-1798,1807-1808,1812,1816,1827,1831,1839,1843,1857-1858,1867,1871,1876-1877,1881-1882,1906,1910,1924-1925,1934,1938,1945-1946,1950-1951,1975,1979-1980,1989,1993,2007-2008,2015-2016,2024,2028-2030,2034,2038,2049,2053-2054,2062,2066,2075,2079,2084,2089,2094,2101,2105-2106,2165,2168,2173,2178,2181,2185-2189,2191,2203,2205-2206,2210,2220,2222,2231,2243,2245,2256,2276,2335,2338,2343,2348-2349,2352,2356-2361,2363,2379,2383-2384,2392,2396,2405,2409,2414,2425,2429-2431,2435,2449,2453-2454,2462,2466,2475,2479,2484,2488,2499,2503-2505,2509,2520,2524,2536,2540-2541,2550,2554-2555,2566,2570,2588,2592-2593,2597-2598,2611,2615,2647,2668,2672,2685,2691,2698,2710,2729,2743,2747,2764,2784,2807,2811,2820,2832,2839,2863,2867,2876,2888,2895,2911,2915,2922,2942,2955,2959,2968,2972,2978,2994,2998,3013,3017,3053,3072,3079,3091,3101,3116,3120,3156,3175,3181,3199,3209,3224,3228,3245,3256,3263,3274,3288,3292,3315,3327,3339,3352,3354,3365,3369,3383,3394,3398,3409,3424,3428,3447,3451,3468,3487,3491,3506,3522,3526,3542,3548,3552,3557,3572,3576,3592,3601,3609,3614,3638,3643,3653,3657,3663,3669,3671,3676-3678,3684,3699,3709,3713,3729,3736,3742,3750,3756,3781,3797-3798,3804-3807,3816,3820,3831,3854,3858,3866,3874,3883,3885,3889,3893,3907,3930,3934,3942,3947,3956,3965-3966,3973,3979,4000,4010,4014,4029,4032,4038,4041,4045,4074,4095,4099,4121,4133,4143,4145,4210,4213,4218,4223-4224,4227,4231-4236,4238,4252,4256,4273,4281-4282,4287,4291,4316,4320,4338,4354,4358,4368,4374,4400,4415,4419,4431,4449,4460,4488,4496,4500,4517,4534,4549,4553,4576,4581,4595,4599,4622,4639,4643,4672,4684,4695,4711,4727,4731,4746,4751,4755,4782,4786,4812,4829,4833,4851,4868,4872,4882,4903,4914,4978,4981,4986,4991-4992,4995,4999-5004,5006,5021,5025,5059,5063,5150,5153,5158,5166-5167,5170,5174-5179,5181,5204,5208,5265,5269,5326,5330,5387,5391,5418,5435,5440,5495,5499,5560,5563,5568,5573-5574,5577,5581-5585,5587,5609,5613,5649-5650,5662,5673,5696,5700,5729-5730,5742,5753,5771,5773,5787-5788,5811,5828,5869,5872,5877,5889-5890,5893,5897-5902,5904,5917,5921-5922,5932,5936-5937,5947,5951-5954,5997,6000,6005,6017-6018,6021,6033-6034,6037,6041-6044,6045,6046-6049,6051,6063,6067-6068,6082,6086-6090,6151,6154,6159,6174-6175,6178,6193-6194,6197,6212-6213,6216,6220-6224,6225,6226-6230,6232,6245,6255,6259,6269-6270,6280,6284,6288,6295,6299,6303-6304,6313,6325,6331,6336,6339,6343-6348,6350,6365,6369,6386,6390-6392,6449,6452,6457,6462-6463,6466,6470-6475,6477,6493,6497-6498,6524,6528-6529,6550,6556,6561-6562,6565,6569-6574,6576,6605,6614,6618,6629-6631,6658,6679,6683-6684,6695-6696,6707-6709,6736,6747,6751-6752,6763-6764,6775-6777,6790,6796,6802-6803,6806,6842,6846-6852,6854,6871-6872,6894,6911,6915,6940,6946,6959,6965-6966,6972-6973,6976,6980-6988,6990,7007,7013-7015,7019,7030,7048,7060,7069,7083,7091,7114,7118-7120,7138,7144,7155,7185,7197,7201,7221,7229,7234,7252,7258-7260,7264,7275,7305,7317,7321,7338,7344-7346,7350,7361,7398,7412,7435,7439-7441,7458,7464-7466,7470,7494,7505,7523,7535,7558,7562-7564,7589,7606,7612-7613,7624,7642,7654,7658,7686,7690-7692,7710,7716-7718,7722,7733,7751,7763,7772,7796,7810,7818,7835,7837-7839,7857,7863,7868-7869,7875,7878,7906,7910-7916,7918,7931,7942,7944,7948,7956,7967,7977,7979,7986,8029,8034,8040,8046,8053,8056,8060-8066,8068,8090,8094-8095,8149,8153,8167,8178,8182-8183,8192,8196,8210-8211,8219-8220,8228,8232-8234,8238,8242,8299,8302,8318,8334,8349,8352,8356-8362,8364,8396-8397,8422-8423,8461,8465,8512-8513,8538-8539,8546,8550,8554,8608,8611,8617,8627-8628,8631,8635-8639,8641,8668-8669,8690-8691,8698,8702,8709,8713,8754,8764,8770,8787,8796-8797,8802,8817-8818,8823-8825,8842,8848,8851,8892,8900,8911-8912,8917,8928,8940-8941,8946-8949,8965,8970-8971,8979,8995,9000-9001,9047,9055,9059,9066,9072,9077,9090-9091,9097,9117,9139,9147-9148,9152-9158,9160,9189,9194-9195,9202,9208,9210,9237,9244,9246,9249,9253-9254,9269,9276,9286-9287,9292,9302,9314-9315,9320-9323,9352,9360-9361,9370,9400,9408-9409,9490,9493,9498,9503-9504,9507,9511-9514,9516,9527-9528,9543,9548,9559-9560,9564,9568,9573,9575,9592,9596,9606,9624,9643,9647,9661,9691,9695,9706,9725,9751,9755,9772,9784,9796,9806,9810-9811,9822,9830,9841,9850,9865,9876,9880-9881,9891,9899,9975,9978,9983,9989-9990,9993,9997-10002,10004,10025,10029,10066,10070,10107,10111,10127,10133,10141,10146,10174,10178-10182,10184,10200,10204,10212,10274,10276,10279,10285,10291,10294,10309,10312,10317-10321,10323,10362,10368,10373-10374,10380,10384,10396-10397,10401,10413,10444,10446,10518,10523-10525,10527,10533,10539,10544,10547,10575,10589,10593,10603,10614,10628,10635
  h_47cee5fa694435 6045,6225
test/e2e/sequential/baseline/custom_metrics_test.go
  h_47cee5fa694435 34,37,45,48,51-53,65,78,88,91,95-96,108,117,146-147,156,179-180,189
test/integration/singlecluster/kueuectl/resume_test.go
  h_47cee5fa694435 35,44,48,55,63,80,91,99,116,134,142,159,171,175,183,200,216,220,228,245
test/e2e/singlecluster/tasapi/baseline/pod_group_test.go
  h_47cee5fa694435 33,36,39,42-43,55,59,69,72,75,77-82,92,97,105,115,141,147,155,165,205,216,229,242,279,287,290,293,295-299,307,313,321,331
test/e2e/singlecluster/baseline/provisioning_test.go
  h_47cee5fa694435 43,60,67,70-71,95,108,116-117,124,148,151,153-156,161,165,177,188,196,201,207,215,226,236,244,250,260,264,275,284,290,301,304,306-309,314,318,328,341,352,360,368,381,385-386
test/integration/singlecluster/controller/jobs/mpijob/mpijob_controller_test.go
  h_47cee5fa694435 53,70-72,78,85,90,97,104,109,119,130,134,138,142,144,147,171-172,177,181,189,200,204-205,211,233-234,238,246,260,268,278,292-293,298,300,302,308-311,325,332,339,371,373,395-396,403,432,436-437,444,483,487,493,502,510,524,532,538,553,561,567,577,585,591,615,618,623,626,638,648,669-670,677,680,695,697,707-708,715,717,850,853,856,863,866-869,875,883,888,891-892,915,922,929,936,943,947,953-954,961,990,1005,1008,1013,1018-1019,1022,1026-1029,1031,1045,1075,1079-1080,1100,1116,1125,1155,1159-1160,1180,1199,1204,1208-1209,1239,1248,1259,1262,1273,1285,1298,1301,1309,1315,1317,1320,1323,1331
cmd/experimental/kueue-populator/test/e2e/populator_test.go
  h_47cee5fa694435 28,73,98,108,113,148,171,180
test/integration/singlecluster/webhook/core/resourceflavor_test.go
  h_47cee5fa694435 32,43,46,58,64,70,76,108,121,127,149
test/integration/multikueue/pod_test.go
  h_47cee5fa694435 41,72,81,89,91-92,99,104-105,112,120,166,196-197,205,207-208,212,217-218,225,233,275,289,295,305,341,352-353,362,374,381,393,401,403-404,408,417-418,426,468
pkg/controller/core/localqueue_controller_test.go
  h_47cee5fa694435 46,979-980,1192
test/integration/multikueue/tas/tas_test.go
  h_47cee5fa694435 44,100-102,129,132,137,140,145,148,153,157-159,160,161-163,164,165-167,168,169-170,171,172-174,175,176-178,179,180-185,196,199,206,209,216,219,243-244,249,252,264,275,278,283,286,303,307,321,331,356,369,375,381,383-384,392,395,403,406,414,417,421,423-424,427,430
  h_47cee5fa694435 160,164,168,171,175,179
test/e2e/sequential/baseline/waitforpodsready_test.go
  h_47cee5fa694435 45,56,88,90,93,103,105,108,111,118,121,126,129,133-136,140-141,148,153,165,180,184,193,201,208,213,245,247,255,266,268,271,274,281,284,289,292,296-299,303-304,310,319,331,335,353,357,371,385,390,406,421,437,451,456,488,490,494,503,505,508,511,518,521,526,529,533-536,540-541,547,556,568,572,580,587,594,598,605,611,620,652,654,657,671,673,676,679,686,689,696,701,705-708,712-713,724,730,744,752,767,778,782,788
test/integration/singlecluster/controller/jobs/paddlejob/suite_test.go
  h_47cee5fa694435 43,54,59,99
test/e2e/singlecluster/tasapi/baseline/job_test.go
  h_47cee5fa694435 37,40,43,46-47,59,63,72,75,78,80-85,97,99,107,118,120,128,154,165,167,175,201,212,214,225,238,241,247,251,255,266,295,298,304,308,312,323,351,354,360,368,380,385,398,414
test/e2e/certmanager/suite_test.go
  h_47cee5fa694435 31,40,45,49,52,54-55,59,62-63
hack/testing/rbac/verify_manifests.sh
  h_47cee5fa694435 25
site/content/en/community/contribution_guidelines/coding_guidelines.md
  h_47cee5fa694435 361,422
pkg/controller/jobs/deployment/deployment_webhook_test.go
  h_47cee5fa694435 42
pkg/controller/jobs/job/job_webhook_test.go
  h_47cee5fa694435 52
pkg/controller/jobs/jobset/jobset_webhook_test.go
  h_47cee5fa694435 39
pkg/controller/jobs/mpijob/mpijob_webhook_test.go
  h_47cee5fa694435 39
pkg/controller/jobs/statefulset/statefulset_webhook_test.go
  h_47cee5fa694435 55
pkg/controller/jobs/trainjob/trainjob_webhook_test.go
  h_47cee5fa694435 41
test/performance/scheduler/runner/generator/topology_generator.go
  h_47cee5fa694435 32
---
{
  "schema_version": "authorship/3.0.0",
  "git_ai_version": "1.7.4",
  "base_commit_sha": "22179d5f439f17fe2357e132eed2f1cb2d3a7322",
  "prompts": {},
  "humans": {
    "h_47cee5fa694435": {
      "author": "Mykhailo Bobrovskyi <mikhail.bobrovsky@gmail.com>"
    }
  }
}